BraTS21ID,Model,Channels,Tumor regions,Dice score,HD95
BraTS2021_01075,MEncodnnUnet,4 channels,TC,0.8432072997093201,3.0
BraTS2021_01106,MEncodnnUnet,4 channels,TC,0.9456844925880432,1.4142135623730951
BraTS2021_00618,MEncodnnUnet,4 channels,TC,0.9929113388061523,1.0
BraTS2021_00789,MEncodnnUnet,4 channels,TC,0.9914195537567139,1.0
BraTS2021_01512,MEncodnnUnet,4 channels,TC,0.9061747193336487,5.385164807134504
BraTS2021_01315,MEncodnnUnet,4 channels,TC,0.9598936438560486,3.0
BraTS2021_00251,MEncodnnUnet,4 channels,TC,0.9772591590881348,1.0
BraTS2021_01465,MEncodnnUnet,4 channels,TC,0.9642943739891052,1.4142135623730951
BraTS2021_00510,MEncodnnUnet,4 channels,TC,0.9702866673469543,1.6843752207893365
BraTS2021_01402,MEncodnnUnet,4 channels,TC,0.9729934334754944,2.449489742783178
BraTS2021_00280,MEncodnnUnet,4 channels,TC,0.9307370781898499,1.7320508075688772
BraTS2021_01502,MEncodnnUnet,4 channels,TC,0.7410331964492798,16.431676725154983
BraTS2021_00686,MEncodnnUnet,4 channels,TC,0.9718835353851318,1.4142135623730951
BraTS2021_01360,MEncodnnUnet,4 channels,TC,0.974883496761322,2.8284271247461903
BraTS2021_01391,MEncodnnUnet,4 channels,TC,0.9345058798789978,3.0
BraTS2021_00485,MEncodnnUnet,4 channels,TC,0.44930416345596313,17.81010595183729
BraTS2021_00400,MEncodnnUnet,4 channels,TC,0.9552961587905884,2.23606797749979
BraTS2021_00077,MEncodnnUnet,4 channels,TC,0.9776321053504944,1.4142135623730951
BraTS2021_01631,MEncodnnUnet,4 channels,TC,0.9837297797203064,1.0
BraTS2021_01352,MEncodnnUnet,4 channels,TC,0.9024300575256348,3.0
BraTS2021_01127,MEncodnnUnet,4 channels,TC,0.9736739993095398,1.4142135623730951
BraTS2021_01664,MEncodnnUnet,4 channels,TC,0.6307594776153564,16.76305461424021
BraTS2021_01580,MEncodnnUnet,4 channels,TC,0.9434490203857422,1.4142135623730951
BraTS2021_01623,MEncodnnUnet,4 channels,TC,0.9727665781974792,1.0
BraTS2021_01416,MEncodnnUnet,4 channels,TC,0.7584694623947144,14.212670403551895
BraTS2021_01381,MEncodnnUnet,4 channels,TC,0.9783212542533875,1.7320508075688772
BraTS2021_00171,MEncodnnUnet,4 channels,TC,0.924867570400238,3.1622776601683795
BraTS2021_00271,MEncodnnUnet,4 channels,TC,0.9513537883758545,1.7320508075688772
BraTS2021_01069,MEncodnnUnet,4 channels,TC,0.9880594611167908,1.0
BraTS2021_00401,MEncodnnUnet,4 channels,TC,0.9765722751617432,1.0
BraTS2021_00053,MEncodnnUnet,4 channels,TC,0.9424274563789368,3.2934727208272627
BraTS2021_00060,MEncodnnUnet,4 channels,TC,0.9625170826911926,3.0
BraTS2021_00003,MEncodnnUnet,4 channels,TC,0.979523241519928,1.0
BraTS2021_01550,MEncodnnUnet,4 channels,TC,0.974111795425415,1.0
BraTS2021_00102,MEncodnnUnet,4 channels,TC,0.5901722311973572,10.488088481701515
BraTS2021_01338,MEncodnnUnet,4 channels,TC,0.9895443916320801,1.0
BraTS2021_00405,MEncodnnUnet,4 channels,TC,0.9669199585914612,1.7320508075688772
BraTS2021_01358,MEncodnnUnet,4 channels,TC,0.9852282404899597,1.0
BraTS2021_01204,MEncodnnUnet,4 channels,TC,0.920545756816864,3.605551275463989
BraTS2021_01057,MEncodnnUnet,4 channels,TC,0.9681589603424072,1.0
BraTS2021_00395,MEncodnnUnet,4 channels,TC,0.9789054989814758,1.0
BraTS2021_01632,MEncodnnUnet,4 channels,TC,0.9647077322006226,1.4142135623730951
BraTS2021_00430,MEncodnnUnet,4 channels,TC,0.9728730916976929,1.0
BraTS2021_01393,MEncodnnUnet,4 channels,TC,0.9920037984848022,1.0
BraTS2021_00747,MEncodnnUnet,4 channels,TC,0.9694175124168396,1.4142135623730951
BraTS2021_00210,MEncodnnUnet,4 channels,TC,0.9642411470413208,18.601075237738275
BraTS2021_01654,MEncodnnUnet,4 channels,TC,0.976089596748352,1.0
BraTS2021_01598,MEncodnnUnet,4 channels,TC,0.9652402997016907,2.23606797749979
BraTS2021_00605,MEncodnnUnet,4 channels,TC,0.9811709523200989,2.0
BraTS2021_00310,MEncodnnUnet,4 channels,TC,0.9571545720100403,2.23606797749979
BraTS2021_01029,MEncodnnUnet,4 channels,TC,0.9762183427810669,1.0
BraTS2021_01414,MEncodnnUnet,4 channels,TC,0.7517300844192505,13.92838827718412
BraTS2021_00165,MEncodnnUnet,4 channels,TC,0.9822106957435608,1.0
BraTS2021_01436,MEncodnnUnet,4 channels,TC,0.9414142966270447,2.0
BraTS2021_00206,MEncodnnUnet,4 channels,TC,0.985551118850708,1.0
BraTS2021_00496,MEncodnnUnet,4 channels,TC,0.9188790321350098,1.0
BraTS2021_00548,MEncodnnUnet,4 channels,TC,0.9817188382148743,1.0
BraTS2021_00199,MEncodnnUnet,4 channels,TC,0.9851594567298889,1.0
BraTS2021_01251,MEncodnnUnet,4 channels,TC,0.9569422006607056,1.4142135623730951
BraTS2021_00282,MEncodnnUnet,4 channels,TC,0.9657341837882996,1.0
BraTS2021_01418,MEncodnnUnet,4 channels,TC,0.9589097499847412,1.7320508075688772
BraTS2021_01566,MEncodnnUnet,4 channels,TC,0.9000474810600281,3.1622776601683795
BraTS2021_01137,MEncodnnUnet,4 channels,TC,0.870905339717865,3.1622776601683795
BraTS2021_01000,MEncodnnUnet,4 channels,TC,0.9829536080360413,1.0
BraTS2021_01046,MEncodnnUnet,4 channels,TC,0.9646546244621277,1.7320508075688772
BraTS2021_00610,MEncodnnUnet,4 channels,TC,0.9485964775085449,1.4142135623730951
BraTS2021_00823,MEncodnnUnet,4 channels,TC,0.9325062036514282,2.449489742783178
BraTS2021_00203,MEncodnnUnet,4 channels,TC,0.9280775785446167,3.0
BraTS2021_01458,MEncodnnUnet,4 channels,TC,0.8922917246818542,3.0
BraTS2021_01158,MEncodnnUnet,4 channels,TC,0.9274111390113831,3.4641016151377544
BraTS2021_00539,MEncodnnUnet,4 channels,TC,0.9815946221351624,1.0
BraTS2021_00550,MEncodnnUnet,4 channels,TC,0.8801872730255127,2.449489742783178
BraTS2021_00294,MEncodnnUnet,4 channels,TC,0.8694473505020142,37.5592843218133
BraTS2021_01597,MEncodnnUnet,4 channels,TC,0.9698305726051331,1.4142135623730951
BraTS2021_01014,MEncodnnUnet,4 channels,TC,0.9915171265602112,1.0
BraTS2021_01357,MEncodnnUnet,4 channels,TC,0.990336537361145,1.0
BraTS2021_00525,MEncodnnUnet,4 channels,TC,0.11552110314369202,41.701318923986086
BraTS2021_00494,MEncodnnUnet,4 channels,TC,0.9850842952728271,1.0
BraTS2021_00343,MEncodnnUnet,4 channels,TC,0.9599539637565613,1.0
BraTS2021_00608,MEncodnnUnet,4 channels,TC,0.9634336829185486,2.0
BraTS2021_01661,MEncodnnUnet,4 channels,TC,0.9466649293899536,6.4031242374328485
BraTS2021_01179,MEncodnnUnet,4 channels,TC,1.0,0.0
BraTS2021_01278,MEncodnnUnet,4 channels,TC,0.9700207710266113,1.0
BraTS2021_00234,MEncodnnUnet,4 channels,TC,0.9086506366729736,5.916079783099616
BraTS2021_01633,MEncodnnUnet,4 channels,TC,0.9836384057998657,1.0
BraTS2021_01018,MEncodnnUnet,4 channels,TC,0.9934020042419434,1.0
BraTS2021_00464,MEncodnnUnet,4 channels,TC,0.9507888555526733,1.4142135623730951
BraTS2021_00131,MEncodnnUnet,4 channels,TC,0.9239010810852051,3.0
BraTS2021_01547,MEncodnnUnet,4 channels,TC,0.970100998878479,1.7320508075688772
BraTS2021_00331,MEncodnnUnet,4 channels,TC,0.4076102077960968,8.54400374531753
BraTS2021_01477,MEncodnnUnet,4 channels,TC,0.8086922764778137,17.894129629432406
BraTS2021_00500,MEncodnnUnet,4 channels,TC,0.8982979655265808,2.8284271247461903
BraTS2021_00797,MEncodnnUnet,4 channels,TC,0.9466825127601624,3.4641016151377544
BraTS2021_01210,MEncodnnUnet,4 channels,TC,0.9140178561210632,2.23606797749979
BraTS2021_00144,MEncodnnUnet,4 channels,TC,0.9577956199645996,1.4142135623730951
BraTS2021_00547,MEncodnnUnet,4 channels,TC,0.9718472361564636,1.0
BraTS2021_00651,MEncodnnUnet,4 channels,TC,0.9657081961631775,1.4142135623730951
BraTS2021_00112,MEncodnnUnet,4 channels,TC,0.6413878202438354,13.0
BraTS2021_00273,MEncodnnUnet,4 channels,TC,0.9683215618133545,3.3166247903554
BraTS2021_01322,MEncodnnUnet,4 channels,TC,0.9270737171173096,22.444323734432647
BraTS2021_01314,MEncodnnUnet,4 channels,TC,0.6244823932647705,5.830951894845301
BraTS2021_00504,MEncodnnUnet,4 channels,TC,0.8535751104354858,7.0
BraTS2021_00160,MEncodnnUnet,4 channels,TC,0.7914862632751465,4.123105625617661
BraTS2021_00096,MEncodnnUnet,4 channels,TC,0.9789441227912903,1.0
BraTS2021_00146,MEncodnnUnet,4 channels,TC,0.9006979465484619,4.242640687119285
BraTS2021_01518,MEncodnnUnet,4 channels,TC,0.8963193893432617,5.477225575051661
BraTS2021_00806,MEncodnnUnet,4 channels,TC,0.8992219567298889,11.180339887498949
BraTS2021_00518,MEncodnnUnet,4 channels,TC,0.866869330406189,38.54867053479276
BraTS2021_00728,MEncodnnUnet,4 channels,TC,0.9136276245117188,1.0
BraTS2021_00616,MEncodnnUnet,4 channels,TC,0.9913944602012634,1.0
BraTS2021_01319,MEncodnnUnet,4 channels,TC,0.9845089316368103,1.0
BraTS2021_00193,MEncodnnUnet,4 channels,TC,0.9499689936637878,2.8284271247461903
BraTS2021_01212,MEncodnnUnet,4 channels,TC,0.9315034747123718,1.7320508075688772
BraTS2021_01297,MEncodnnUnet,4 channels,TC,0.8951162695884705,2.0
BraTS2021_01339,MEncodnnUnet,4 channels,TC,0.9867297410964966,1.0
BraTS2021_00157,MEncodnnUnet,4 channels,TC,0.9710041880607605,1.0
BraTS2021_00777,MEncodnnUnet,4 channels,TC,0.9855390787124634,1.0
BraTS2021_00191,MEncodnnUnet,4 channels,TC,0.9712933301925659,14.798648586948742
BraTS2021_00219,MEncodnnUnet,4 channels,TC,0.9882772564888,1.0
BraTS2021_01370,MEncodnnUnet,4 channels,TC,0.830075204372406,6.708203932499369
BraTS2021_01485,MEncodnnUnet,4 channels,TC,0.3606175482273102,23.073786105943018
BraTS2021_00567,MEncodnnUnet,4 channels,TC,0.9556610584259033,1.7320508075688772
BraTS2021_00596,MEncodnnUnet,4 channels,TC,0.976280927658081,1.0
BraTS2021_01177,MEncodnnUnet,4 channels,TC,0.9658656120300293,12.36931687685298
BraTS2021_00839,MEncodnnUnet,4 channels,TC,0.8330745100975037,2.0
BraTS2021_01573,MEncodnnUnet,4 channels,TC,0.9798629879951477,2.8284271247461903
BraTS2021_01579,MEncodnnUnet,4 channels,TC,0.9566029906272888,1.4142135623730951
BraTS2021_01636,MEncodnnUnet,4 channels,TC,0.5954265594482422,14.594519519326424
BraTS2021_01435,MEncodnnUnet,4 channels,TC,0.8720766305923462,3.605551275463989
BraTS2021_01634,MEncodnnUnet,4 channels,TC,0.9860085844993591,2.449489742783178
BraTS2021_01515,MEncodnnUnet,4 channels,TC,0.8039181232452393,8.54400374531753
BraTS2021_01567,MEncodnnUnet,4 channels,TC,0.9765679836273193,1.0
BraTS2021_01200,MEncodnnUnet,4 channels,TC,0.9841683506965637,1.0
BraTS2021_00780,MEncodnnUnet,4 channels,TC,0.9868588447570801,1.0
BraTS2021_00212,MEncodnnUnet,4 channels,TC,0.9758250117301941,1.0
BraTS2021_00000,MEncodnnUnet,4 channels,TC,0.9829752445220947,1.0
BraTS2021_00556,MEncodnnUnet,4 channels,TC,0.9044719934463501,4.123105625617661
BraTS2021_01211,MEncodnnUnet,4 channels,TC,0.9153802990913391,2.449489742783178
BraTS2021_00407,MEncodnnUnet,4 channels,TC,0.9498918056488037,1.4142135623730951
BraTS2021_00824,MEncodnnUnet,4 channels,TC,0.9676839113235474,2.23606797749979
BraTS2021_00718,MEncodnnUnet,4 channels,TC,0.9662257432937622,1.4142135623730951
BraTS2021_01660,MEncodnnUnet,4 channels,TC,0.9568516612052917,2.23606797749979
BraTS2021_00448,MEncodnnUnet,4 channels,TC,0.9869441986083984,1.0
BraTS2021_01239,MEncodnnUnet,4 channels,TC,0.9387989044189453,1.7320508075688772
BraTS2021_01379,MEncodnnUnet,4 channels,TC,0.8279892206192017,7.214552917845618
BraTS2021_01385,MEncodnnUnet,4 channels,TC,0.99015873670578,1.0
BraTS2021_00519,MEncodnnUnet,4 channels,TC,0.9676535129547119,1.7320508075688772
BraTS2021_01072,MEncodnnUnet,4 channels,TC,0.9695560932159424,1.7320508075688772
BraTS2021_00185,MEncodnnUnet,4 channels,TC,0.9348421096801758,3.3166247903554
BraTS2021_01492,MEncodnnUnet,4 channels,TC,0.9161935448646545,4.123105625617661
BraTS2021_01628,MEncodnnUnet,4 channels,TC,0.49417248368263245,4.47213595499958
BraTS2021_00184,MEncodnnUnet,4 channels,TC,0.9697883129119873,4.242640687119285
BraTS2021_00359,MEncodnnUnet,4 channels,TC,0.9873637557029724,1.0
BraTS2021_00116,MEncodnnUnet,4 channels,TC,0.8373162150382996,5.830951894845301
BraTS2021_00468,MEncodnnUnet,4 channels,TC,0.9129230380058289,4.358898943540674
BraTS2021_01459,MEncodnnUnet,4 channels,TC,0.9251247644424438,1.4142135623730951
BraTS2021_01486,MEncodnnUnet,4 channels,TC,0.5820715427398682,16.551433671477415
BraTS2021_00687,MEncodnnUnet,4 channels,TC,0.9558146595954895,2.23606797749979
BraTS2021_01302,MEncodnnUnet,4 channels,TC,0.9379109144210815,3.1622776601683795
BraTS2021_00999,MEncodnnUnet,4 channels,TC,0.8624127507209778,9.055385138137417
BraTS2021_00241,MEncodnnUnet,4 channels,TC,0.9661543369293213,1.0
BraTS2021_01067,MEncodnnUnet,4 channels,TC,0.9593563675880432,1.0
BraTS2021_01362,MEncodnnUnet,4 channels,TC,0.97309410572052,2.0
BraTS2021_00085,MEncodnnUnet,4 channels,TC,0.3638370931148529,11.224972160321824
BraTS2021_01180,MEncodnnUnet,4 channels,TC,0.9216546416282654,3.605551275463989
BraTS2021_01312,MEncodnnUnet,4 channels,TC,0.986828088760376,1.0
BraTS2021_00511,MEncodnnUnet,4 channels,TC,0.9854527115821838,1.0
BraTS2021_00834,MEncodnnUnet,4 channels,TC,0.962843656539917,1.0
BraTS2021_01045,MEncodnnUnet,4 channels,TC,0.9669918417930603,1.4142135623730951
BraTS2021_00808,MEncodnnUnet,4 channels,TC,0.9797161817550659,1.0
BraTS2021_01042,MEncodnnUnet,4 channels,TC,0.9544032216072083,2.449489742783178
BraTS2021_01644,MEncodnnUnet,4 channels,TC,0.9704977869987488,19.949937343260004
BraTS2021_00360,MEncodnnUnet,4 channels,TC,0.9701946973800659,7.54983443527075
BraTS2021_01113,MEncodnnUnet,4 channels,TC,0.935836672782898,2.8284271247461903
BraTS2021_00369,MEncodnnUnet,4 channels,TC,0.9352001547813416,6.324555320336759
BraTS2021_00679,MEncodnnUnet,4 channels,TC,0.9031614065170288,3.0
BraTS2021_00166,MEncodnnUnet,4 channels,TC,0.9717221856117249,1.4142135623730951
BraTS2021_00456,MEncodnnUnet,4 channels,TC,0.9719108939170837,1.0
BraTS2021_00148,MEncodnnUnet,4 channels,TC,0.8995651006698608,2.0
BraTS2021_00624,MEncodnnUnet,4 channels,TC,0.9684460759162903,1.4142135623730951
BraTS2021_00316,MEncodnnUnet,4 channels,TC,0.9823518991470337,1.0
BraTS2021_01433,MEncodnnUnet,4 channels,TC,0.42713627219200134,32.66496594212215
BraTS2021_00576,MEncodnnUnet,4 channels,TC,0.7332619428634644,6.0
BraTS2021_01016,MEncodnnUnet,4 channels,TC,0.9818056225776672,1.0
BraTS2021_00195,MEncodnnUnet,4 channels,TC,0.98614102602005,1.0
BraTS2021_00090,MEncodnnUnet,4 channels,TC,0.9585805535316467,1.0
BraTS2021_00230,MEncodnnUnet,4 channels,TC,0.9648265838623047,1.4142135623730951
BraTS2021_01390,MEncodnnUnet,4 channels,TC,0.9815692901611328,1.0
BraTS2021_00432,MEncodnnUnet,4 channels,TC,0.42686712741851807,22.869193252058544
BraTS2021_00654,MEncodnnUnet,4 channels,TC,0.9735002517700195,1.4142135623730951
BraTS2021_00406,MEncodnnUnet,4 channels,TC,0.9754651784896851,5.024754878398197
BraTS2021_01310,MEncodnnUnet,4 channels,TC,0.9203369617462158,30.099833886584822
BraTS2021_00136,MEncodnnUnet,4 channels,TC,0.8311812877655029,6.164414002968976
BraTS2021_00339,MEncodnnUnet,4 channels,TC,0.9845240116119385,1.0
BraTS2021_01383,MEncodnnUnet,4 channels,TC,0.9868376851081848,1.0
BraTS2021_00243,MEncodnnUnet,4 channels,TC,0.5905320644378662,11.180339887498949
BraTS2021_00555,MEncodnnUnet,4 channels,TC,0.8730905055999756,3.3166247903554
BraTS2021_01600,MEncodnnUnet,4 channels,TC,0.9879549145698547,1.0
BraTS2021_01131,MEncodnnUnet,4 channels,TC,0.9837394952774048,1.0
BraTS2021_00220,MEncodnnUnet,4 channels,TC,0.9387654066085815,2.23606797749979
BraTS2021_00288,MEncodnnUnet,4 channels,TC,0.9773324728012085,1.0
BraTS2021_01198,MEncodnnUnet,4 channels,TC,0.9660353660583496,2.23606797749979
BraTS2021_01613,MEncodnnUnet,4 channels,TC,0.9558407068252563,1.4142135623730951
BraTS2021_01375,MEncodnnUnet,4 channels,TC,0.63356614112854,49.11821393289729
BraTS2021_01449,MEncodnnUnet,4 channels,TC,0.9492287039756775,2.23606797749979
BraTS2021_00151,MEncodnnUnet,4 channels,TC,0.93597412109375,6.0
BraTS2021_01638,MEncodnnUnet,4 channels,TC,0.9703958034515381,1.7320508075688772
BraTS2021_01454,MEncodnnUnet,4 channels,TC,0.860233724117279,3.605551275463989
BraTS2021_01395,MEncodnnUnet,4 channels,TC,0.7896336317062378,2.8284271247461903
BraTS2021_01348,MEncodnnUnet,4 channels,TC,0.9840410351753235,1.0
BraTS2021_01252,MEncodnnUnet,4 channels,TC,0.8605331778526306,2.23606797749979
BraTS2021_01585,MEncodnnUnet,4 channels,TC,0.9746145009994507,1.0
BraTS2021_01060,MEncodnnUnet,4 channels,TC,0.9796074628829956,1.4142135623730951
BraTS2021_01494,MEncodnnUnet,4 channels,TC,0.7679267525672913,9.899494936611665
BraTS2021_00382,MEncodnnUnet,4 channels,TC,0.9464529156684875,3.7416573867739413
BraTS2021_01165,MEncodnnUnet,4 channels,TC,0.978593647480011,1.0
BraTS2021_01620,MEncodnnUnet,4 channels,TC,0.9502701759338379,1.0
BraTS2021_01331,MEncodnnUnet,4 channels,TC,0.9702823162078857,1.799038105676658
BraTS2021_01508,MEncodnnUnet,4 channels,TC,0.6723794341087341,20.85665361461421
BraTS2021_00221,MEncodnnUnet,4 channels,TC,0.9820958971977234,1.0
BraTS2021_00115,MEncodnnUnet,4 channels,TC,0.9813328385353088,1.0
BraTS2021_00253,MEncodnnUnet,4 channels,TC,0.9765703678131104,1.0
BraTS2021_00764,MEncodnnUnet,4 channels,TC,0.881096363067627,6.782329983125268
BraTS2021_00646,MEncodnnUnet,4 channels,TC,0.9860938191413879,1.0
BraTS2021_00656,MEncodnnUnet,4 channels,TC,0.14716166257858276,33.60059523282288
BraTS2021_01132,MEncodnnUnet,4 channels,TC,0.9841668605804443,1.0
BraTS2021_01213,MEncodnnUnet,4 channels,TC,0.934531033039093,1.4142135623730951
BraTS2021_01272,MEncodnnUnet,4 channels,TC,0.9524979591369629,1.0
BraTS2021_00725,MEncodnnUnet,4 channels,TC,0.9321247339248657,1.4142135623730951
BraTS2021_01516,MEncodnnUnet,4 channels,TC,0.10799819231033325,16.583123951777
BraTS2021_01466,MEncodnnUnet,4 channels,TC,0.9535344243049622,2.23606797749979
BraTS2021_01218,MEncodnnUnet,4 channels,TC,0.8287126421928406,13.32287283845015
BraTS2021_01606,MEncodnnUnet,4 channels,TC,0.9072907567024231,1.4142135623730951
BraTS2021_00364,MEncodnnUnet,4 channels,TC,0.9920557737350464,1.0
BraTS2021_00765,MEncodnnUnet,4 channels,TC,0.871100664138794,5.0990195135927845
BraTS2021_00139,MEncodnnUnet,4 channels,TC,0.897320568561554,3.1622776601683795
BraTS2021_01430,MEncodnnUnet,4 channels,TC,0.9027061462402344,4.69041575982343
BraTS2021_01407,MEncodnnUnet,4 channels,TC,0.9815253615379333,1.0
BraTS2021_01355,MEncodnnUnet,4 channels,TC,0.9860286116600037,1.0
BraTS2021_00793,MEncodnnUnet,4 channels,TC,0.9744886755943298,1.0
BraTS2021_01028,MEncodnnUnet,4 channels,TC,0.9629372358322144,1.4142135623730951
BraTS2021_00697,MEncodnnUnet,4 channels,TC,0.982073187828064,1.0
BraTS2021_00123,MEncodnnUnet,4 channels,TC,0.975331723690033,1.0
BraTS2021_01662,MEncodnnUnet,4 channels,TC,0.987750768661499,1.0
BraTS2021_00663,MEncodnnUnet,4 channels,TC,0.9839401841163635,1.0
BraTS2021_00495,MEncodnnUnet,4 channels,TC,0.978811502456665,1.0
BraTS2021_01299,MEncodnnUnet,4 channels,TC,0.9215139150619507,1.7320508075688772
BraTS2021_01308,MEncodnnUnet,4 channels,TC,0.9064161777496338,2.8284271247461903
BraTS2021_01471,MEncodnnUnet,4 channels,TC,0.9666742086410522,2.0
BraTS2021_00016,MEncodnnUnet,4 channels,TC,0.9317304491996765,2.449489742783178
BraTS2021_01199,MEncodnnUnet,4 channels,TC,0.9836918711662292,1.0
BraTS2021_00322,MEncodnnUnet,4 channels,TC,0.9862545728683472,1.0
BraTS2021_00111,MEncodnnUnet,4 channels,TC,0.8281611204147339,6.48074069840786
BraTS2021_01316,MEncodnnUnet,4 channels,TC,0.9847589135169983,1.0
BraTS2021_01049,MEncodnnUnet,4 channels,TC,0.8176358938217163,3.5914063094313784
BraTS2021_00675,MEncodnnUnet,4 channels,TC,0.9296936988830566,2.23606797749979
BraTS2021_00371,MEncodnnUnet,4 channels,TC,0.9858107566833496,1.0
BraTS2021_01136,MEncodnnUnet,4 channels,TC,0.9777390360832214,2.449489742783178
BraTS2021_01085,MEncodnnUnet,4 channels,TC,0.9739048480987549,1.7320508075688772
BraTS2021_00716,MEncodnnUnet,4 channels,TC,0.9802553653717041,1.0
BraTS2021_01656,MEncodnnUnet,4 channels,TC,0.13527382910251617,20.149441679609886
BraTS2021_01575,MEncodnnUnet,4 channels,TC,0.9431920051574707,1.4142135623730951
BraTS2021_01584,MEncodnnUnet,4 channels,TC,0.9714334607124329,2.23606797749979
BraTS2021_01217,MEncodnnUnet,4 channels,TC,0.8735836744308472,3.7416573867739413
BraTS2021_01389,MEncodnnUnet,4 channels,TC,0.9668999314308167,1.0
BraTS2021_00332,MEncodnnUnet,4 channels,TC,0.9417188763618469,1.4142135623730951
BraTS2021_00830,MEncodnnUnet,4 channels,TC,0.9781160354614258,1.0
BraTS2021_01317,MEncodnnUnet,4 channels,TC,0.9766302108764648,2.449489742783178
BraTS2021_00724,MEncodnnUnet,4 channels,TC,0.9731414914131165,1.4142135623730951
BraTS2021_01208,MEncodnnUnet,4 channels,TC,0.8069114685058594,3.3166247903554
BraTS2021_01102,MEncodnnUnet,4 channels,TC,0.9542685151100159,1.4142135623730951
BraTS2021_01321,MEncodnnUnet,4 channels,TC,0.9839304685592651,1.4142135623730951
BraTS2021_00626,MEncodnnUnet,4 channels,TC,0.9650778770446777,1.0
BraTS2021_00089,MEncodnnUnet,4 channels,TC,0.9804248809814453,1.0
BraTS2021_01192,MEncodnnUnet,4 channels,TC,0.22395578026771545,21.0
BraTS2021_01446,MEncodnnUnet,4 channels,TC,0.9087918996810913,4.58257569495584
BraTS2021_00729,MEncodnnUnet,4 channels,TC,0.9824017286300659,1.0
BraTS2021_01525,MEncodnnUnet,4 channels,TC,0.843539834022522,9.486832980505138
BraTS2021_00081,MEncodnnUnet,4 channels,TC,0.9803569912910461,1.0
BraTS2021_01125,MEncodnnUnet,4 channels,TC,0.9764702320098877,2.0
BraTS2021_01279,MEncodnnUnet,4 channels,TC,0.9039447903633118,1.4142135623730951
BraTS2021_00551,MEncodnnUnet,4 channels,TC,0.9763726592063904,1.0
BraTS2021_00690,MEncodnnUnet,4 channels,TC,0.9531058073043823,1.4142135623730951
BraTS2021_00300,MEncodnnUnet,4 channels,TC,0.9698147773742676,1.7320508075688772
BraTS2021_00481,MEncodnnUnet,4 channels,TC,0.9765690565109253,1.0
BraTS2021_01301,MEncodnnUnet,4 channels,TC,0.9743173718452454,1.0
BraTS2021_01570,MEncodnnUnet,4 channels,TC,0.9903243184089661,1.0
BraTS2021_01150,MEncodnnUnet,4 channels,TC,0.9445794820785522,3.0
BraTS2021_01169,MEncodnnUnet,4 channels,TC,0.6808576583862305,11.180339887498949
BraTS2021_01618,MEncodnnUnet,4 channels,TC,0.9781474471092224,1.4142135623730951
BraTS2021_00051,MEncodnnUnet,4 channels,TC,0.9817672371864319,1.0
BraTS2021_00479,MEncodnnUnet,4 channels,TC,0.9857361912727356,1.0
BraTS2021_00501,MEncodnnUnet,4 channels,TC,0.9252386689186096,2.0
BraTS2021_01527,MEncodnnUnet,4 channels,TC,0.9323691725730896,3.3166247903554
BraTS2021_01161,MEncodnnUnet,4 channels,TC,0.9883213043212891,1.0
BraTS2021_01182,MEncodnnUnet,4 channels,TC,0.3904004991054535,42.068990686665444
BraTS2021_01328,MEncodnnUnet,4 channels,TC,0.8744457960128784,7.874007874011811
BraTS2021_00561,MEncodnnUnet,4 channels,TC,0.9847846627235413,1.0
BraTS2021_01544,MEncodnnUnet,4 channels,TC,0.9790098071098328,1.0
BraTS2021_01455,MEncodnnUnet,4 channels,TC,0.9515565633773804,2.0
BraTS2021_01543,MEncodnnUnet,4 channels,TC,0.9740400314331055,1.4142135623730951
BraTS2021_01171,MEncodnnUnet,4 channels,TC,0.9612007737159729,2.23606797749979
BraTS2021_00211,MEncodnnUnet,4 channels,TC,0.9908641576766968,1.0
BraTS2021_01103,MEncodnnUnet,4 channels,TC,0.9029992818832397,3.0
BraTS2021_01011,MEncodnnUnet,4 channels,TC,0.9676292538642883,1.0
BraTS2021_00756,MEncodnnUnet,4 channels,TC,0.9721340537071228,1.4142135623730951
BraTS2021_01615,MEncodnnUnet,4 channels,TC,0.895797073841095,1.4142135623730951
BraTS2021_01077,MEncodnnUnet,4 channels,TC,0.43281808495521545,6.4031242374328485
BraTS2021_01120,MEncodnnUnet,4 channels,TC,0.9878047704696655,1.0
BraTS2021_01577,MEncodnnUnet,4 channels,TC,0.9888540506362915,1.0
BraTS2021_00491,MEncodnnUnet,4 channels,TC,0.9641789793968201,1.4142135623730951
BraTS2021_01184,MEncodnnUnet,4 channels,TC,0.9078626036643982,3.1622776601683795
BraTS2021_01048,MEncodnnUnet,4 channels,TC,0.9380620718002319,3.0
BraTS2021_01305,MEncodnnUnet,4 channels,TC,0.9897277355194092,1.0
BraTS2021_00062,MEncodnnUnet,4 channels,TC,0.9476918578147888,46.2709412050371
BraTS2021_01047,MEncodnnUnet,4 channels,TC,0.9240245819091797,3.0
BraTS2021_01191,MEncodnnUnet,4 channels,TC,0.9313610792160034,3.605551275463989
BraTS2021_00286,MEncodnnUnet,4 channels,TC,0.9529750347137451,8.774964387392123
BraTS2021_00118,MEncodnnUnet,4 channels,TC,0.9838008284568787,1.0
BraTS2021_00043,MEncodnnUnet,4 channels,TC,0.572415292263031,22.759613353482084
BraTS2021_00593,MEncodnnUnet,4 channels,TC,0.9647974371910095,2.0
BraTS2021_01023,MEncodnnUnet,4 channels,TC,0.9688433408737183,1.4142135623730951
BraTS2021_01560,MEncodnnUnet,4 channels,TC,0.9317877888679504,1.91961524227066
BraTS2021_00147,MEncodnnUnet,4 channels,TC,0.9549767374992371,1.4142135623730951
BraTS2021_00429,MEncodnnUnet,4 channels,TC,0.9609795808792114,1.4142135623730951
BraTS2021_00828,MEncodnnUnet,4 channels,TC,0.8747895956039429,5.385164807134504
BraTS2021_00262,MEncodnnUnet,4 channels,TC,0.9642301797866821,1.0
BraTS2021_00095,MEncodnnUnet,4 channels,TC,0.9819303750991821,1.0
BraTS2021_01075,MEncodnnUnet,4 channels,WT,0.6724185347557068,16.522711641858304
BraTS2021_01106,MEncodnnUnet,4 channels,WT,0.8685789108276367,7.615773105863909
BraTS2021_00618,MEncodnnUnet,4 channels,WT,0.9862850904464722,1.0
BraTS2021_00789,MEncodnnUnet,4 channels,WT,0.9854950904846191,1.0
BraTS2021_01512,MEncodnnUnet,4 channels,WT,0.9299697875976562,12.041594578792296
BraTS2021_01315,MEncodnnUnet,4 channels,WT,0.9752249121665955,1.4142135623730951
BraTS2021_00251,MEncodnnUnet,4 channels,WT,0.9783669114112854,1.0
BraTS2021_01465,MEncodnnUnet,4 channels,WT,0.9707335829734802,1.4142135623730951
BraTS2021_00510,MEncodnnUnet,4 channels,WT,0.9296789169311523,3.3166247903554
BraTS2021_01402,MEncodnnUnet,4 channels,WT,0.9652501344680786,3.0
BraTS2021_00280,MEncodnnUnet,4 channels,WT,0.8463712930679321,8.06225774829855
BraTS2021_01502,MEncodnnUnet,4 channels,WT,0.8355150818824768,25.019992006393608
BraTS2021_00686,MEncodnnUnet,4 channels,WT,0.9647930264472961,2.0
BraTS2021_01360,MEncodnnUnet,4 channels,WT,0.9678520560264587,3.605551275463989
BraTS2021_01391,MEncodnnUnet,4 channels,WT,0.9398903846740723,3.605551275463989
BraTS2021_00485,MEncodnnUnet,4 channels,WT,0.8448818325996399,6.0
BraTS2021_00400,MEncodnnUnet,4 channels,WT,0.9617908596992493,3.0
BraTS2021_00077,MEncodnnUnet,4 channels,WT,0.9257186055183411,46.57252408878007
BraTS2021_01631,MEncodnnUnet,4 channels,WT,0.9557530879974365,5.385164807134504
BraTS2021_01352,MEncodnnUnet,4 channels,WT,0.9703158140182495,1.0
BraTS2021_01127,MEncodnnUnet,4 channels,WT,0.9736720323562622,1.0
BraTS2021_01664,MEncodnnUnet,4 channels,WT,0.9570746421813965,3.7416573867739413
BraTS2021_01580,MEncodnnUnet,4 channels,WT,0.9303992986679077,1.4142135623730951
BraTS2021_01623,MEncodnnUnet,4 channels,WT,0.9582186341285706,1.4142135623730951
BraTS2021_01416,MEncodnnUnet,4 channels,WT,0.944683849811554,2.8284271247461903
BraTS2021_01381,MEncodnnUnet,4 channels,WT,0.9767566323280334,1.0
BraTS2021_00171,MEncodnnUnet,4 channels,WT,0.899574339389801,5.0
BraTS2021_00271,MEncodnnUnet,4 channels,WT,0.9749224781990051,1.0
BraTS2021_01069,MEncodnnUnet,4 channels,WT,0.9883993268013,1.0
BraTS2021_00401,MEncodnnUnet,4 channels,WT,0.9446224570274353,2.8284271247461903
BraTS2021_00053,MEncodnnUnet,4 channels,WT,0.9534592628479004,9.0
BraTS2021_00060,MEncodnnUnet,4 channels,WT,0.9667279124259949,2.449489742783178
BraTS2021_00003,MEncodnnUnet,4 channels,WT,0.9779280424118042,1.0
BraTS2021_01550,MEncodnnUnet,4 channels,WT,0.9586578011512756,38.951251246151976
BraTS2021_00102,MEncodnnUnet,4 channels,WT,0.7801842093467712,47.66340065785907
BraTS2021_01338,MEncodnnUnet,4 channels,WT,0.9629425406455994,3.3166247903554
BraTS2021_00405,MEncodnnUnet,4 channels,WT,0.9787817001342773,1.0
BraTS2021_01358,MEncodnnUnet,4 channels,WT,0.98415207862854,1.0
BraTS2021_01204,MEncodnnUnet,4 channels,WT,0.8160474896430969,4.242640687119285
BraTS2021_01057,MEncodnnUnet,4 channels,WT,0.9231132864952087,5.830951894845301
BraTS2021_00395,MEncodnnUnet,4 channels,WT,0.9781157970428467,7.493292722806289
BraTS2021_01632,MEncodnnUnet,4 channels,WT,0.962181806564331,1.4142135623730951
BraTS2021_00430,MEncodnnUnet,4 channels,WT,0.9677153825759888,1.4142135623730951
BraTS2021_01393,MEncodnnUnet,4 channels,WT,0.9902448654174805,1.0
BraTS2021_00747,MEncodnnUnet,4 channels,WT,0.9612097144126892,1.4142135623730951
BraTS2021_00210,MEncodnnUnet,4 channels,WT,0.9551893472671509,13.490737563232042
BraTS2021_01654,MEncodnnUnet,4 channels,WT,0.9743587970733643,1.4142135623730951
BraTS2021_01598,MEncodnnUnet,4 channels,WT,0.967812180519104,1.4142135623730951
BraTS2021_00605,MEncodnnUnet,4 channels,WT,0.9843533635139465,1.0
BraTS2021_00310,MEncodnnUnet,4 channels,WT,0.9485864043235779,2.23606797749979
BraTS2021_01029,MEncodnnUnet,4 channels,WT,0.977942168712616,1.0
BraTS2021_01414,MEncodnnUnet,4 channels,WT,0.9335838556289673,4.242640687119285
BraTS2021_00165,MEncodnnUnet,4 channels,WT,0.9858279824256897,1.0
BraTS2021_01436,MEncodnnUnet,4 channels,WT,0.9177306294441223,4.47213595499958
BraTS2021_00206,MEncodnnUnet,4 channels,WT,0.8978165984153748,14.035668847618199
BraTS2021_00496,MEncodnnUnet,4 channels,WT,0.8198307156562805,7.0710678118654755
BraTS2021_00548,MEncodnnUnet,4 channels,WT,0.930061399936676,5.385164807134504
BraTS2021_00199,MEncodnnUnet,4 channels,WT,0.9799463152885437,1.7320508075688772
BraTS2021_01251,MEncodnnUnet,4 channels,WT,0.9428481459617615,2.23606797749979
BraTS2021_00282,MEncodnnUnet,4 channels,WT,0.9552727937698364,3.0
BraTS2021_01418,MEncodnnUnet,4 channels,WT,0.9417575597763062,2.23606797749979
BraTS2021_01566,MEncodnnUnet,4 channels,WT,0.9545178413391113,20.388710392224155
BraTS2021_01137,MEncodnnUnet,4 channels,WT,0.9732027649879456,26.48017616499527
BraTS2021_01000,MEncodnnUnet,4 channels,WT,0.9775939583778381,1.0
BraTS2021_01046,MEncodnnUnet,4 channels,WT,0.9651867151260376,2.23606797749979
BraTS2021_00610,MEncodnnUnet,4 channels,WT,0.9054967164993286,4.242640687119285
BraTS2021_00823,MEncodnnUnet,4 channels,WT,0.9757761359214783,2.23606797749979
BraTS2021_00203,MEncodnnUnet,4 channels,WT,0.9664579629898071,2.23606797749979
BraTS2021_01458,MEncodnnUnet,4 channels,WT,0.9540506601333618,11.575836902790225
BraTS2021_01158,MEncodnnUnet,4 channels,WT,0.949503481388092,50.849778560918516
BraTS2021_00539,MEncodnnUnet,4 channels,WT,0.9547492265701294,2.23606797749979
BraTS2021_00550,MEncodnnUnet,4 channels,WT,0.7969409227371216,8.102415174917844
BraTS2021_00294,MEncodnnUnet,4 channels,WT,0.9846009016036987,1.0
BraTS2021_01597,MEncodnnUnet,4 channels,WT,0.940025806427002,3.0
BraTS2021_01014,MEncodnnUnet,4 channels,WT,0.9843215346336365,1.0
BraTS2021_01357,MEncodnnUnet,4 channels,WT,0.9790529608726501,1.4142135623730951
BraTS2021_00525,MEncodnnUnet,4 channels,WT,0.9637030363082886,3.0
BraTS2021_00494,MEncodnnUnet,4 channels,WT,0.7081166505813599,26.38181191654584
BraTS2021_00343,MEncodnnUnet,4 channels,WT,0.9058833718299866,5.0
BraTS2021_00608,MEncodnnUnet,4 channels,WT,0.969115138053894,1.7320508075688772
BraTS2021_01661,MEncodnnUnet,4 channels,WT,0.9738866090774536,1.4142135623730951
BraTS2021_01179,MEncodnnUnet,4 channels,WT,0.7764964699745178,8.94427190999916
BraTS2021_01278,MEncodnnUnet,4 channels,WT,0.9523239731788635,2.0
BraTS2021_00234,MEncodnnUnet,4 channels,WT,0.9057509303092957,4.58257569495584
BraTS2021_01633,MEncodnnUnet,4 channels,WT,0.866789698600769,19.4164878389476
BraTS2021_01018,MEncodnnUnet,4 channels,WT,0.9855730533599854,1.0
BraTS2021_00464,MEncodnnUnet,4 channels,WT,0.9502543807029724,1.4142135623730951
BraTS2021_00131,MEncodnnUnet,4 channels,WT,0.9577456712722778,1.4142135623730951
BraTS2021_01547,MEncodnnUnet,4 channels,WT,0.9677303433418274,2.23606797749979
BraTS2021_00331,MEncodnnUnet,4 channels,WT,0.7620549201965332,71.93469232171839
BraTS2021_01477,MEncodnnUnet,4 channels,WT,0.9556883573532104,3.7416573867739413
BraTS2021_00500,MEncodnnUnet,4 channels,WT,0.9409417510032654,2.0
BraTS2021_00797,MEncodnnUnet,4 channels,WT,0.9737472534179688,1.7320508075688772
BraTS2021_01210,MEncodnnUnet,4 channels,WT,0.8116207122802734,6.0
BraTS2021_00144,MEncodnnUnet,4 channels,WT,0.93222975730896,3.0
BraTS2021_00547,MEncodnnUnet,4 channels,WT,0.9608955383300781,3.0
BraTS2021_00651,MEncodnnUnet,4 channels,WT,0.9700168371200562,1.0
BraTS2021_00112,MEncodnnUnet,4 channels,WT,0.9080474972724915,5.0990195135927845
BraTS2021_00273,MEncodnnUnet,4 channels,WT,0.9741780161857605,2.23606797749979
BraTS2021_01322,MEncodnnUnet,4 channels,WT,0.9653474688529968,11.224972160321824
BraTS2021_01314,MEncodnnUnet,4 channels,WT,0.9652122855186462,1.0
BraTS2021_00504,MEncodnnUnet,4 channels,WT,0.9740257263183594,1.4142135623730951
BraTS2021_00160,MEncodnnUnet,4 channels,WT,0.9636528491973877,10.723805294763608
BraTS2021_00096,MEncodnnUnet,4 channels,WT,0.9554728865623474,2.0
BraTS2021_00146,MEncodnnUnet,4 channels,WT,0.9483482837677002,8.602325267042627
BraTS2021_01518,MEncodnnUnet,4 channels,WT,0.9575300216674805,3.0
BraTS2021_00806,MEncodnnUnet,4 channels,WT,0.9547553658485413,7.0
BraTS2021_00518,MEncodnnUnet,4 channels,WT,0.9273121356964111,32.57299494980466
BraTS2021_00728,MEncodnnUnet,4 channels,WT,0.9574352502822876,1.4142135623730951
BraTS2021_00616,MEncodnnUnet,4 channels,WT,0.983394980430603,1.0
BraTS2021_01319,MEncodnnUnet,4 channels,WT,0.9614357948303223,2.23606797749979
BraTS2021_00193,MEncodnnUnet,4 channels,WT,0.9713459610939026,1.0
BraTS2021_01212,MEncodnnUnet,4 channels,WT,0.8427939414978027,21.61018278497431
BraTS2021_01297,MEncodnnUnet,4 channels,WT,0.8127162456512451,10.44030650891055
BraTS2021_01339,MEncodnnUnet,4 channels,WT,0.9780954718589783,1.0
BraTS2021_00157,MEncodnnUnet,4 channels,WT,0.9591783881187439,2.23606797749979
BraTS2021_00777,MEncodnnUnet,4 channels,WT,0.9709722995758057,1.4142135623730951
BraTS2021_00191,MEncodnnUnet,4 channels,WT,0.9695693850517273,2.449489742783178
BraTS2021_00219,MEncodnnUnet,4 channels,WT,0.9424795508384705,1.0
BraTS2021_01370,MEncodnnUnet,4 channels,WT,0.8284813761711121,27.477263328068172
BraTS2021_01485,MEncodnnUnet,4 channels,WT,0.8637695908546448,93.6923155582156
BraTS2021_00567,MEncodnnUnet,4 channels,WT,0.9198157787322998,3.3166247903554
BraTS2021_00596,MEncodnnUnet,4 channels,WT,0.9696604609489441,1.4142135623730951
BraTS2021_01177,MEncodnnUnet,4 channels,WT,0.8753111362457275,9.055385138137417
BraTS2021_00839,MEncodnnUnet,4 channels,WT,0.9351739287376404,5.0
BraTS2021_01573,MEncodnnUnet,4 channels,WT,0.9716724753379822,2.0
BraTS2021_01579,MEncodnnUnet,4 channels,WT,0.9472630620002747,2.23606797749979
BraTS2021_01636,MEncodnnUnet,4 channels,WT,0.8193054795265198,12.083045973594572
BraTS2021_01435,MEncodnnUnet,4 channels,WT,0.9030759930610657,3.1622776601683795
BraTS2021_01634,MEncodnnUnet,4 channels,WT,0.9845080375671387,1.4142135623730951
BraTS2021_01515,MEncodnnUnet,4 channels,WT,0.9237154722213745,5.0
BraTS2021_01567,MEncodnnUnet,4 channels,WT,0.9374747276306152,5.0
BraTS2021_01200,MEncodnnUnet,4 channels,WT,0.9849328398704529,1.0
BraTS2021_00780,MEncodnnUnet,4 channels,WT,0.9827525019645691,1.0
BraTS2021_00212,MEncodnnUnet,4 channels,WT,0.7761499285697937,9.273618495495704
BraTS2021_00000,MEncodnnUnet,4 channels,WT,0.9580129981040955,2.8284271247461903
BraTS2021_00556,MEncodnnUnet,4 channels,WT,0.9339608550071716,4.898979485566356
BraTS2021_01211,MEncodnnUnet,4 channels,WT,0.9166224598884583,15.269245675219427
BraTS2021_00407,MEncodnnUnet,4 channels,WT,0.9415120482444763,2.23606797749979
BraTS2021_00824,MEncodnnUnet,4 channels,WT,0.9734216332435608,1.4142135623730951
BraTS2021_00718,MEncodnnUnet,4 channels,WT,0.9695991277694702,1.4142135623730951
BraTS2021_01660,MEncodnnUnet,4 channels,WT,0.9243837594985962,5.0
BraTS2021_00448,MEncodnnUnet,4 channels,WT,0.9861377477645874,1.0
BraTS2021_01239,MEncodnnUnet,4 channels,WT,0.9105525016784668,5.0990195135927845
BraTS2021_01379,MEncodnnUnet,4 channels,WT,0.9760438799858093,1.0
BraTS2021_01385,MEncodnnUnet,4 channels,WT,0.9785794615745544,1.4142135623730951
BraTS2021_00519,MEncodnnUnet,4 channels,WT,0.9176869988441467,3.1622776601683795
BraTS2021_01072,MEncodnnUnet,4 channels,WT,0.948258638381958,4.0
BraTS2021_00185,MEncodnnUnet,4 channels,WT,0.579251229763031,15.297058540778355
BraTS2021_01492,MEncodnnUnet,4 channels,WT,0.9730203151702881,1.0
BraTS2021_01628,MEncodnnUnet,4 channels,WT,0.5563134551048279,37.509991566638305
BraTS2021_00184,MEncodnnUnet,4 channels,WT,0.9688803553581238,2.0
BraTS2021_00359,MEncodnnUnet,4 channels,WT,0.9852187633514404,1.0
BraTS2021_00116,MEncodnnUnet,4 channels,WT,0.9145662188529968,6.164414002968976
BraTS2021_00468,MEncodnnUnet,4 channels,WT,0.7757876515388489,11.224972160321824
BraTS2021_01459,MEncodnnUnet,4 channels,WT,0.9113718867301941,34.655446902326915
BraTS2021_01486,MEncodnnUnet,4 channels,WT,0.8712795376777649,4.58257569495584
BraTS2021_00687,MEncodnnUnet,4 channels,WT,0.9517681002616882,2.449489742783178
BraTS2021_01302,MEncodnnUnet,4 channels,WT,0.9498907923698425,4.898979485566356
BraTS2021_00999,MEncodnnUnet,4 channels,WT,0.8776498436927795,23.68543856465402
BraTS2021_00241,MEncodnnUnet,4 channels,WT,0.9730292558670044,1.0
BraTS2021_01067,MEncodnnUnet,4 channels,WT,0.9399358034133911,11.844814322450807
BraTS2021_01362,MEncodnnUnet,4 channels,WT,0.9715695381164551,1.7320508075688772
BraTS2021_00085,MEncodnnUnet,4 channels,WT,0.9062883257865906,9.0
BraTS2021_01180,MEncodnnUnet,4 channels,WT,0.9347748160362244,5.196152422706632
BraTS2021_01312,MEncodnnUnet,4 channels,WT,0.985917329788208,1.0
BraTS2021_00511,MEncodnnUnet,4 channels,WT,0.9647476077079773,1.4142135623730951
BraTS2021_00834,MEncodnnUnet,4 channels,WT,0.8645615577697754,7.280109889280518
BraTS2021_01045,MEncodnnUnet,4 channels,WT,0.9228441715240479,7.0
BraTS2021_00808,MEncodnnUnet,4 channels,WT,0.9798817038536072,1.4142135623730951
BraTS2021_01042,MEncodnnUnet,4 channels,WT,0.9690918922424316,1.4142135623730951
BraTS2021_01644,MEncodnnUnet,4 channels,WT,0.9462218880653381,26.77685567799177
BraTS2021_00360,MEncodnnUnet,4 channels,WT,0.9372922778129578,8.660254037844387
BraTS2021_01113,MEncodnnUnet,4 channels,WT,0.9366891384124756,4.0
BraTS2021_00369,MEncodnnUnet,4 channels,WT,0.9867213368415833,1.0
BraTS2021_00679,MEncodnnUnet,4 channels,WT,0.9741153120994568,1.0
BraTS2021_00166,MEncodnnUnet,4 channels,WT,0.9728719592094421,1.4142135623730951
BraTS2021_00456,MEncodnnUnet,4 channels,WT,0.98710697889328,1.0
BraTS2021_00148,MEncodnnUnet,4 channels,WT,0.8916860818862915,7.681145747868608
BraTS2021_00624,MEncodnnUnet,4 channels,WT,0.897270679473877,8.12403840463596
BraTS2021_00316,MEncodnnUnet,4 channels,WT,0.9747291207313538,4.123105625617661
BraTS2021_01433,MEncodnnUnet,4 channels,WT,0.9154795408248901,2.8284271247461903
BraTS2021_00576,MEncodnnUnet,4 channels,WT,0.9329140186309814,2.23606797749979
BraTS2021_01016,MEncodnnUnet,4 channels,WT,0.9794039130210876,1.0
BraTS2021_00195,MEncodnnUnet,4 channels,WT,0.9827064871788025,1.0
BraTS2021_00090,MEncodnnUnet,4 channels,WT,0.9477193355560303,2.0
BraTS2021_00230,MEncodnnUnet,4 channels,WT,0.961355447769165,1.4142135623730951
BraTS2021_01390,MEncodnnUnet,4 channels,WT,0.9615474939346313,1.4142135623730951
BraTS2021_00432,MEncodnnUnet,4 channels,WT,0.8928306698799133,6.082762530298219
BraTS2021_00654,MEncodnnUnet,4 channels,WT,0.8506609797477722,9.433981132056603
BraTS2021_00406,MEncodnnUnet,4 channels,WT,0.9609967470169067,5.0990195135927845
BraTS2021_01310,MEncodnnUnet,4 channels,WT,0.9159669876098633,4.123105625617661
BraTS2021_00136,MEncodnnUnet,4 channels,WT,0.9306147694587708,18.439088914585774
BraTS2021_00339,MEncodnnUnet,4 channels,WT,0.9828159213066101,1.0
BraTS2021_01383,MEncodnnUnet,4 channels,WT,0.9261994361877441,7.810249675906654
BraTS2021_00243,MEncodnnUnet,4 channels,WT,0.9567627310752869,2.23606797749979
BraTS2021_00555,MEncodnnUnet,4 channels,WT,0.7564735412597656,7.280109889280518
BraTS2021_01600,MEncodnnUnet,4 channels,WT,0.9808192253112793,1.0
BraTS2021_01131,MEncodnnUnet,4 channels,WT,0.9809107780456543,1.0
BraTS2021_00220,MEncodnnUnet,4 channels,WT,0.9296494126319885,4.358898943540674
BraTS2021_00288,MEncodnnUnet,4 channels,WT,0.9732164740562439,1.0
BraTS2021_01198,MEncodnnUnet,4 channels,WT,0.9312453866004944,4.123105625617661
BraTS2021_01613,MEncodnnUnet,4 channels,WT,0.9774724841117859,1.0
BraTS2021_01375,MEncodnnUnet,4 channels,WT,0.9451867938041687,3.1622776601683795
BraTS2021_01449,MEncodnnUnet,4 channels,WT,0.9592482447624207,1.7320508075688772
BraTS2021_00151,MEncodnnUnet,4 channels,WT,0.9470228552818298,4.0
BraTS2021_01638,MEncodnnUnet,4 channels,WT,0.9281376004219055,43.94314508543966
BraTS2021_01454,MEncodnnUnet,4 channels,WT,0.8702461123466492,7.310871591861501
BraTS2021_01395,MEncodnnUnet,4 channels,WT,0.9780248999595642,1.0
BraTS2021_01348,MEncodnnUnet,4 channels,WT,0.9566206336021423,2.23606797749979
BraTS2021_01252,MEncodnnUnet,4 channels,WT,0.8910651803016663,2.449489742783178
BraTS2021_01585,MEncodnnUnet,4 channels,WT,0.9851346015930176,1.0
BraTS2021_01060,MEncodnnUnet,4 channels,WT,0.97367924451828,1.7320508075688772
BraTS2021_01494,MEncodnnUnet,4 channels,WT,0.952468752861023,3.0
BraTS2021_00382,MEncodnnUnet,4 channels,WT,0.9276719093322754,4.0
BraTS2021_01165,MEncodnnUnet,4 channels,WT,0.9629347920417786,2.0
BraTS2021_01620,MEncodnnUnet,4 channels,WT,0.9505404829978943,1.4142135623730951
BraTS2021_01331,MEncodnnUnet,4 channels,WT,0.91181480884552,3.3166247903554
BraTS2021_01508,MEncodnnUnet,4 channels,WT,0.8598415851593018,12.083045973594572
BraTS2021_00221,MEncodnnUnet,4 channels,WT,0.9788185954093933,1.0
BraTS2021_00115,MEncodnnUnet,4 channels,WT,0.9778468608856201,1.0
BraTS2021_00253,MEncodnnUnet,4 channels,WT,0.9315412640571594,5.385164807134504
BraTS2021_00764,MEncodnnUnet,4 channels,WT,0.7638542652130127,16.76305461424021
BraTS2021_00646,MEncodnnUnet,4 channels,WT,0.9667516946792603,2.0
BraTS2021_00656,MEncodnnUnet,4 channels,WT,0.961177408695221,48.176757881783615
BraTS2021_01132,MEncodnnUnet,4 channels,WT,0.9201188683509827,3.3166247903554
BraTS2021_01213,MEncodnnUnet,4 channels,WT,0.9069769978523254,6.782329983125268
BraTS2021_01272,MEncodnnUnet,4 channels,WT,0.9375346899032593,1.7320508075688772
BraTS2021_00725,MEncodnnUnet,4 channels,WT,0.8690225481987,4.69041575982343
BraTS2021_01516,MEncodnnUnet,4 channels,WT,0.871067225933075,8.402204598010014
BraTS2021_01466,MEncodnnUnet,4 channels,WT,0.9673861265182495,1.7320508075688772
BraTS2021_01218,MEncodnnUnet,4 channels,WT,0.796283483505249,4.898979485566356
BraTS2021_01606,MEncodnnUnet,4 channels,WT,0.9170929193496704,2.449489742783178
BraTS2021_00364,MEncodnnUnet,4 channels,WT,0.9879387021064758,1.0
BraTS2021_00765,MEncodnnUnet,4 channels,WT,0.9328991174697876,2.23606797749979
BraTS2021_00139,MEncodnnUnet,4 channels,WT,0.9275195598602295,3.7416573867739413
BraTS2021_01430,MEncodnnUnet,4 channels,WT,0.927950918674469,5.0
BraTS2021_01407,MEncodnnUnet,4 channels,WT,0.8749945163726807,26.16294915892442
BraTS2021_01355,MEncodnnUnet,4 channels,WT,0.9812519550323486,1.0
BraTS2021_00793,MEncodnnUnet,4 channels,WT,0.8952227830886841,7.0
BraTS2021_01028,MEncodnnUnet,4 channels,WT,0.9363082647323608,4.47213595499958
BraTS2021_00697,MEncodnnUnet,4 channels,WT,0.9599357843399048,1.4142135623730951
BraTS2021_00123,MEncodnnUnet,4 channels,WT,0.9512677192687988,2.8284271247461903
BraTS2021_01662,MEncodnnUnet,4 channels,WT,0.9776764512062073,1.0
BraTS2021_00663,MEncodnnUnet,4 channels,WT,0.9856655597686768,1.0
BraTS2021_00495,MEncodnnUnet,4 channels,WT,0.9643000960350037,1.4142135623730951
BraTS2021_01299,MEncodnnUnet,4 channels,WT,0.9470875859260559,3.0
BraTS2021_01308,MEncodnnUnet,4 channels,WT,0.6005104184150696,78.31697453024928
BraTS2021_01471,MEncodnnUnet,4 channels,WT,0.965019702911377,3.0
BraTS2021_00016,MEncodnnUnet,4 channels,WT,0.8822932839393616,6.0
BraTS2021_01199,MEncodnnUnet,4 channels,WT,0.9811655282974243,1.0
BraTS2021_00322,MEncodnnUnet,4 channels,WT,0.9852296710014343,1.0
BraTS2021_00111,MEncodnnUnet,4 channels,WT,0.8808723092079163,4.123105625617661
BraTS2021_01316,MEncodnnUnet,4 channels,WT,0.9710891842842102,1.0
BraTS2021_01049,MEncodnnUnet,4 channels,WT,0.8665613532066345,6.928203230275509
BraTS2021_00675,MEncodnnUnet,4 channels,WT,0.9551375508308411,1.4142135623730951
BraTS2021_00371,MEncodnnUnet,4 channels,WT,0.9883469343185425,1.0
BraTS2021_01136,MEncodnnUnet,4 channels,WT,0.9840627908706665,1.0
BraTS2021_01085,MEncodnnUnet,4 channels,WT,0.9503247737884521,2.449489742783178
BraTS2021_00716,MEncodnnUnet,4 channels,WT,0.9653729796409607,1.4142135623730951
BraTS2021_01656,MEncodnnUnet,4 channels,WT,0.9612571597099304,1.4142135623730951
BraTS2021_01575,MEncodnnUnet,4 channels,WT,0.9783298969268799,1.0
BraTS2021_01584,MEncodnnUnet,4 channels,WT,0.9656474590301514,1.7320508075688772
BraTS2021_01217,MEncodnnUnet,4 channels,WT,0.9322270750999451,2.449489742783178
BraTS2021_01389,MEncodnnUnet,4 channels,WT,0.9705468416213989,1.0
BraTS2021_00332,MEncodnnUnet,4 channels,WT,0.9266806840896606,2.23606797749979
BraTS2021_00830,MEncodnnUnet,4 channels,WT,0.9737829566001892,7.016638229960692
BraTS2021_01317,MEncodnnUnet,4 channels,WT,0.9880802631378174,1.0
BraTS2021_00724,MEncodnnUnet,4 channels,WT,0.9776104092597961,1.0
BraTS2021_01208,MEncodnnUnet,4 channels,WT,0.8286733627319336,8.717797887081348
BraTS2021_01102,MEncodnnUnet,4 channels,WT,0.8489384055137634,31.622776601683793
BraTS2021_01321,MEncodnnUnet,4 channels,WT,0.9836707711219788,1.0
BraTS2021_00626,MEncodnnUnet,4 channels,WT,0.9530282616615295,25.079872407968907
BraTS2021_00089,MEncodnnUnet,4 channels,WT,0.963699996471405,1.4142135623730951
BraTS2021_01192,MEncodnnUnet,4 channels,WT,0.9275124073028564,6.164414002968976
BraTS2021_01446,MEncodnnUnet,4 channels,WT,0.9537249803543091,2.449489742783178
BraTS2021_00729,MEncodnnUnet,4 channels,WT,0.8800654411315918,7.0710678118654755
BraTS2021_01525,MEncodnnUnet,4 channels,WT,0.8309442400932312,12.449899597988733
BraTS2021_00081,MEncodnnUnet,4 channels,WT,0.9649481177330017,1.7320508075688772
BraTS2021_01125,MEncodnnUnet,4 channels,WT,0.9826129674911499,1.0
BraTS2021_01279,MEncodnnUnet,4 channels,WT,0.779809296131134,36.813031244007824
BraTS2021_00551,MEncodnnUnet,4 channels,WT,0.9578779339790344,2.23606797749979
BraTS2021_00690,MEncodnnUnet,4 channels,WT,0.9390146136283875,2.23606797749979
BraTS2021_00300,MEncodnnUnet,4 channels,WT,0.9609057903289795,3.0
BraTS2021_00481,MEncodnnUnet,4 channels,WT,0.9661288261413574,2.23606797749979
BraTS2021_01301,MEncodnnUnet,4 channels,WT,0.7978153824806213,82.92767933567175
BraTS2021_01570,MEncodnnUnet,4 channels,WT,0.981843888759613,1.0
BraTS2021_01150,MEncodnnUnet,4 channels,WT,0.7398208975791931,18.788294228055936
BraTS2021_01169,MEncodnnUnet,4 channels,WT,0.9372832775115967,4.0
BraTS2021_01618,MEncodnnUnet,4 channels,WT,0.9871595501899719,1.0
BraTS2021_00051,MEncodnnUnet,4 channels,WT,0.9666866064071655,1.4142135623730951
BraTS2021_00479,MEncodnnUnet,4 channels,WT,0.9528908133506775,5.0
BraTS2021_00501,MEncodnnUnet,4 channels,WT,0.728699266910553,14.594519519326424
BraTS2021_01527,MEncodnnUnet,4 channels,WT,0.9695345759391785,1.7320508075688772
BraTS2021_01161,MEncodnnUnet,4 channels,WT,0.948784589767456,2.23606797749979
BraTS2021_01182,MEncodnnUnet,4 channels,WT,0.8728511929512024,5.385164807134504
BraTS2021_01328,MEncodnnUnet,4 channels,WT,0.9770618677139282,5.435798229488873
BraTS2021_00561,MEncodnnUnet,4 channels,WT,0.969309389591217,1.227817459304901
BraTS2021_01544,MEncodnnUnet,4 channels,WT,0.9262540936470032,3.3166247903554
BraTS2021_01455,MEncodnnUnet,4 channels,WT,0.9498836994171143,2.8284271247461903
BraTS2021_01543,MEncodnnUnet,4 channels,WT,0.9624016880989075,1.0
BraTS2021_01171,MEncodnnUnet,4 channels,WT,0.9628336429595947,2.23606797749979
BraTS2021_00211,MEncodnnUnet,4 channels,WT,0.9873738884925842,1.0
BraTS2021_01103,MEncodnnUnet,4 channels,WT,0.9698496460914612,2.0
BraTS2021_01011,MEncodnnUnet,4 channels,WT,0.9786081910133362,1.0
BraTS2021_00756,MEncodnnUnet,4 channels,WT,0.9408659934997559,3.0
BraTS2021_01615,MEncodnnUnet,4 channels,WT,0.9343887567520142,1.0
BraTS2021_01077,MEncodnnUnet,4 channels,WT,0.9262081980705261,45.940708297676395
BraTS2021_01120,MEncodnnUnet,4 channels,WT,0.9739256501197815,2.449489742783178
BraTS2021_01577,MEncodnnUnet,4 channels,WT,0.9761667251586914,1.4142135623730951
BraTS2021_00491,MEncodnnUnet,4 channels,WT,0.9557370543479919,2.449489742783178
BraTS2021_01184,MEncodnnUnet,4 channels,WT,0.8107131123542786,5.744562646538029
BraTS2021_01048,MEncodnnUnet,4 channels,WT,0.9114487171173096,3.605551275463989
BraTS2021_01305,MEncodnnUnet,4 channels,WT,0.9860259294509888,1.0
BraTS2021_00062,MEncodnnUnet,4 channels,WT,0.971344530582428,1.4142135623730951
BraTS2021_01047,MEncodnnUnet,4 channels,WT,0.9527291655540466,2.0
BraTS2021_01191,MEncodnnUnet,4 channels,WT,0.9755489230155945,1.0
BraTS2021_00286,MEncodnnUnet,4 channels,WT,0.7444021105766296,31.464265445104548
BraTS2021_00118,MEncodnnUnet,4 channels,WT,0.97416090965271,1.4142135623730951
BraTS2021_00043,MEncodnnUnet,4 channels,WT,0.9827730655670166,1.0
BraTS2021_00593,MEncodnnUnet,4 channels,WT,0.9792619347572327,1.0
BraTS2021_01023,MEncodnnUnet,4 channels,WT,0.9904696941375732,1.0
BraTS2021_01560,MEncodnnUnet,4 channels,WT,0.6870822310447693,15.732108596357246
BraTS2021_00147,MEncodnnUnet,4 channels,WT,0.9714819192886353,1.0
BraTS2021_00429,MEncodnnUnet,4 channels,WT,0.9475266337394714,2.449489742783178
BraTS2021_00828,MEncodnnUnet,4 channels,WT,0.9682978987693787,2.0
BraTS2021_00262,MEncodnnUnet,4 channels,WT,0.9680318236351013,1.0
BraTS2021_00095,MEncodnnUnet,4 channels,WT,0.9772909879684448,1.0
BraTS2021_01075,MEncodnnUnet,4 channels,ET,0.8501529097557068,3.3166247903554
BraTS2021_01106,MEncodnnUnet,4 channels,ET,0.9064676761627197,1.4142135623730951
BraTS2021_00618,MEncodnnUnet,4 channels,ET,0.9734112620353699,1.0
BraTS2021_00789,MEncodnnUnet,4 channels,ET,0.9736822247505188,1.0
BraTS2021_01512,MEncodnnUnet,4 channels,ET,0.0,36.04061124939711
BraTS2021_01315,MEncodnnUnet,4 channels,ET,0.9210584759712219,2.23606797749979
BraTS2021_00251,MEncodnnUnet,4 channels,ET,0.9340085983276367,1.0
BraTS2021_01465,MEncodnnUnet,4 channels,ET,0.9499818682670593,1.4142135623730951
BraTS2021_00510,MEncodnnUnet,4 channels,ET,0.9223504662513733,1.4142135623730951
BraTS2021_01402,MEncodnnUnet,4 channels,ET,0.9692564010620117,2.0
BraTS2021_00280,MEncodnnUnet,4 channels,ET,0.874791145324707,1.4142135623730951
BraTS2021_01502,MEncodnnUnet,4 channels,ET,1.0,0.0
BraTS2021_00686,MEncodnnUnet,4 channels,ET,0.8940288424491882,2.0
BraTS2021_01360,MEncodnnUnet,4 channels,ET,0.9527228474617004,1.7320508075688772
BraTS2021_01391,MEncodnnUnet,4 channels,ET,0.941350519657135,2.0
BraTS2021_00485,MEncodnnUnet,4 channels,ET,0.5695187449455261,3.4641016151377544
BraTS2021_00400,MEncodnnUnet,4 channels,ET,0.8624063730239868,1.7320508075688772
BraTS2021_00077,MEncodnnUnet,4 channels,ET,0.9515809416770935,1.0
BraTS2021_01631,MEncodnnUnet,4 channels,ET,0.936031699180603,2.449489742783178
BraTS2021_01352,MEncodnnUnet,4 channels,ET,0.8680263161659241,3.0
BraTS2021_01127,MEncodnnUnet,4 channels,ET,0.941134512424469,1.0
BraTS2021_01664,MEncodnnUnet,4 channels,ET,0.3608331084251404,12.206555615733702
BraTS2021_01580,MEncodnnUnet,4 channels,ET,0.943988561630249,1.4142135623730951
BraTS2021_01623,MEncodnnUnet,4 channels,ET,0.9051944017410278,4.358898943540674
BraTS2021_01416,MEncodnnUnet,4 channels,ET,0.8580300211906433,5.916079783099616
BraTS2021_01381,MEncodnnUnet,4 channels,ET,0.9831702709197998,1.0
BraTS2021_00171,MEncodnnUnet,4 channels,ET,0.8982220888137817,5.744562646538029
BraTS2021_00271,MEncodnnUnet,4 channels,ET,0.9577856063842773,1.4142135623730951
BraTS2021_01069,MEncodnnUnet,4 channels,ET,0.9812899231910706,1.0
BraTS2021_00401,MEncodnnUnet,4 channels,ET,0.8431779742240906,1.4142135623730951
BraTS2021_00053,MEncodnnUnet,4 channels,ET,0.8914675116539001,2.0
BraTS2021_00060,MEncodnnUnet,4 channels,ET,0.9129284024238586,1.4142135623730951
BraTS2021_00003,MEncodnnUnet,4 channels,ET,0.9485346674919128,1.0
BraTS2021_01550,MEncodnnUnet,4 channels,ET,0.948247492313385,1.0
BraTS2021_00102,MEncodnnUnet,4 channels,ET,0.6071541905403137,10.344080432788601
BraTS2021_01338,MEncodnnUnet,4 channels,ET,0.9678448438644409,1.0
BraTS2021_00405,MEncodnnUnet,4 channels,ET,0.9674408435821533,1.0
BraTS2021_01358,MEncodnnUnet,4 channels,ET,0.96944659948349,1.0
BraTS2021_01204,MEncodnnUnet,4 channels,ET,0.8634020686149597,2.0
BraTS2021_01057,MEncodnnUnet,4 channels,ET,0.9141450524330139,1.4142135623730951
BraTS2021_00395,MEncodnnUnet,4 channels,ET,0.9625353217124939,1.0
BraTS2021_01632,MEncodnnUnet,4 channels,ET,0.8865593671798706,3.0
BraTS2021_00430,MEncodnnUnet,4 channels,ET,0.9466956853866577,1.0
BraTS2021_01393,MEncodnnUnet,4 channels,ET,0.9819848537445068,1.0
BraTS2021_00747,MEncodnnUnet,4 channels,ET,0.9380878806114197,1.4142135623730951
BraTS2021_00210,MEncodnnUnet,4 channels,ET,0.9476344585418701,13.206024598902642
BraTS2021_01654,MEncodnnUnet,4 channels,ET,0.9692597389221191,1.0
BraTS2021_01598,MEncodnnUnet,4 channels,ET,0.9389606714248657,2.23606797749979
BraTS2021_00605,MEncodnnUnet,4 channels,ET,0.9662240743637085,1.0
BraTS2021_00310,MEncodnnUnet,4 channels,ET,0.8893885016441345,2.23606797749979
BraTS2021_01029,MEncodnnUnet,4 channels,ET,0.9653853178024292,1.0
BraTS2021_01414,MEncodnnUnet,4 channels,ET,0.8585197329521179,1.4142135623730951
BraTS2021_00165,MEncodnnUnet,4 channels,ET,0.9553825259208679,1.0
BraTS2021_01436,MEncodnnUnet,4 channels,ET,1.0,0.0
BraTS2021_00206,MEncodnnUnet,4 channels,ET,0.98112553358078,1.0
BraTS2021_00496,MEncodnnUnet,4 channels,ET,0.869498074054718,1.7320508075688772
BraTS2021_00548,MEncodnnUnet,4 channels,ET,0.9342500567436218,1.0
BraTS2021_00199,MEncodnnUnet,4 channels,ET,0.9552032947540283,1.0
BraTS2021_01251,MEncodnnUnet,4 channels,ET,0.8870850801467896,1.7320508075688772
BraTS2021_00282,MEncodnnUnet,4 channels,ET,0.9381818175315857,1.4142135623730951
BraTS2021_01418,MEncodnnUnet,4 channels,ET,0.8899320960044861,1.7320508075688772
BraTS2021_01566,MEncodnnUnet,4 channels,ET,0.8776472806930542,3.605551275463989
BraTS2021_01137,MEncodnnUnet,4 channels,ET,0.7806211709976196,4.593359701442589
BraTS2021_01000,MEncodnnUnet,4 channels,ET,0.9230569005012512,1.0
BraTS2021_01046,MEncodnnUnet,4 channels,ET,0.931972324848175,1.7320508075688772
BraTS2021_00610,MEncodnnUnet,4 channels,ET,0.9233836531639099,1.0
BraTS2021_00823,MEncodnnUnet,4 channels,ET,0.7894404530525208,3.605551275463989
BraTS2021_00203,MEncodnnUnet,4 channels,ET,0.9059139490127563,1.4142135623730951
BraTS2021_01458,MEncodnnUnet,4 channels,ET,0.7693188190460205,2.449489742783178
BraTS2021_01158,MEncodnnUnet,4 channels,ET,0.8810051083564758,1.7320508075688772
BraTS2021_00539,MEncodnnUnet,4 channels,ET,0.918325662612915,1.4142135623730951
BraTS2021_00550,MEncodnnUnet,4 channels,ET,0.8038287162780762,4.242640687119285
BraTS2021_00294,MEncodnnUnet,4 channels,ET,0.8967862725257874,36.95402489662052
BraTS2021_01597,MEncodnnUnet,4 channels,ET,0.8946771621704102,2.0
BraTS2021_01014,MEncodnnUnet,4 channels,ET,0.9738062024116516,1.0
BraTS2021_01357,MEncodnnUnet,4 channels,ET,0.9631185531616211,1.0
BraTS2021_00525,MEncodnnUnet,4 channels,ET,0.823369562625885,1.4142135623730951
BraTS2021_00494,MEncodnnUnet,4 channels,ET,0.9498090744018555,1.0
BraTS2021_00343,MEncodnnUnet,4 channels,ET,0.95583176612854,1.0
BraTS2021_00608,MEncodnnUnet,4 channels,ET,0.8576655387878418,2.23606797749979
BraTS2021_01661,MEncodnnUnet,4 channels,ET,0.956048309803009,2.0
BraTS2021_01179,MEncodnnUnet,4 channels,ET,1.0,0.0
BraTS2021_01278,MEncodnnUnet,4 channels,ET,0.9690461158752441,1.0
BraTS2021_00234,MEncodnnUnet,4 channels,ET,0.853791356086731,8.06225774829855
BraTS2021_01633,MEncodnnUnet,4 channels,ET,0.9653713703155518,1.0
BraTS2021_01018,MEncodnnUnet,4 channels,ET,0.9695831537246704,1.0
BraTS2021_00464,MEncodnnUnet,4 channels,ET,0.9143474102020264,2.23606797749979
BraTS2021_00131,MEncodnnUnet,4 channels,ET,0.8906622529029846,2.23606797749979
BraTS2021_01547,MEncodnnUnet,4 channels,ET,0.9464324712753296,1.4142135623730951
BraTS2021_00331,MEncodnnUnet,4 channels,ET,0.3130081295967102,10.360958977207229
BraTS2021_01477,MEncodnnUnet,4 channels,ET,1.0,0.0
BraTS2021_00500,MEncodnnUnet,4 channels,ET,0.8598420023918152,2.8284271247461903
BraTS2021_00797,MEncodnnUnet,4 channels,ET,0.9095115065574646,2.449489742783178
BraTS2021_01210,MEncodnnUnet,4 channels,ET,0.9031499624252319,2.0
BraTS2021_00144,MEncodnnUnet,4 channels,ET,0.8794757723808289,1.0
BraTS2021_00547,MEncodnnUnet,4 channels,ET,0.9033377170562744,1.4142135623730951
BraTS2021_00651,MEncodnnUnet,4 channels,ET,0.9278780221939087,1.0
BraTS2021_00112,MEncodnnUnet,4 channels,ET,0.562796950340271,29.68164415931166
BraTS2021_00273,MEncodnnUnet,4 channels,ET,0.9492685198783875,1.0
BraTS2021_01322,MEncodnnUnet,4 channels,ET,0.8888081312179565,21.93171219946131
BraTS2021_01314,MEncodnnUnet,4 channels,ET,0.39181432127952576,5.196152422706632
BraTS2021_00504,MEncodnnUnet,4 channels,ET,0.8644207119941711,7.0
BraTS2021_00160,MEncodnnUnet,4 channels,ET,0.8503111600875854,2.0
BraTS2021_00096,MEncodnnUnet,4 channels,ET,0.9522866606712341,1.0
BraTS2021_00146,MEncodnnUnet,4 channels,ET,0.6145451664924622,3.1622776601683795
BraTS2021_01518,MEncodnnUnet,4 channels,ET,0.6365614533424377,30.37677275761289
BraTS2021_00806,MEncodnnUnet,4 channels,ET,0.9279311895370483,4.123105625617661
BraTS2021_00518,MEncodnnUnet,4 channels,ET,0.7455824613571167,37.48332962798263
BraTS2021_00728,MEncodnnUnet,4 channels,ET,0.8913758993148804,1.0
BraTS2021_00616,MEncodnnUnet,4 channels,ET,0.973011314868927,1.0
BraTS2021_01319,MEncodnnUnet,4 channels,ET,0.966640293598175,1.0
BraTS2021_00193,MEncodnnUnet,4 channels,ET,0.9602410197257996,2.23606797749979
BraTS2021_01212,MEncodnnUnet,4 channels,ET,0.856846809387207,1.4142135623730951
BraTS2021_01297,MEncodnnUnet,4 channels,ET,0.8458737730979919,1.4142135623730951
BraTS2021_01339,MEncodnnUnet,4 channels,ET,0.9664301872253418,1.0
BraTS2021_00157,MEncodnnUnet,4 channels,ET,0.9534087777137756,1.0
BraTS2021_00777,MEncodnnUnet,4 channels,ET,0.9326319098472595,1.0
BraTS2021_00191,MEncodnnUnet,4 channels,ET,0.9626883268356323,12.569805089976535
BraTS2021_00219,MEncodnnUnet,4 channels,ET,0.9852496385574341,1.0
BraTS2021_01370,MEncodnnUnet,4 channels,ET,0.8273043036460876,2.8284271247461903
BraTS2021_01485,MEncodnnUnet,4 channels,ET,0.808013379573822,1.7320508075688772
BraTS2021_00567,MEncodnnUnet,4 channels,ET,0.9122506976127625,1.4142135623730951
BraTS2021_00596,MEncodnnUnet,4 channels,ET,0.924081027507782,1.0
BraTS2021_01177,MEncodnnUnet,4 channels,ET,0.9510964751243591,7.0
BraTS2021_00839,MEncodnnUnet,4 channels,ET,0.8538932800292969,1.7320508075688772
BraTS2021_01573,MEncodnnUnet,4 channels,ET,0.9826467037200928,1.0
BraTS2021_01579,MEncodnnUnet,4 channels,ET,0.9095122218132019,2.23606797749979
BraTS2021_01636,MEncodnnUnet,4 channels,ET,0.3839685618877411,14.45683229480096
BraTS2021_01435,MEncodnnUnet,4 channels,ET,1.0,0.0
BraTS2021_01634,MEncodnnUnet,4 channels,ET,0.9721180200576782,1.0
BraTS2021_01515,MEncodnnUnet,4 channels,ET,1.0,0.0
BraTS2021_01567,MEncodnnUnet,4 channels,ET,0.9327548742294312,1.0
BraTS2021_01200,MEncodnnUnet,4 channels,ET,0.9316301345825195,1.0
BraTS2021_00780,MEncodnnUnet,4 channels,ET,0.9751686453819275,1.0
BraTS2021_00212,MEncodnnUnet,4 channels,ET,0.8856585025787354,2.0
BraTS2021_00000,MEncodnnUnet,4 channels,ET,0.9609329104423523,1.0
BraTS2021_00556,MEncodnnUnet,4 channels,ET,0.8134550452232361,3.3166247903554
BraTS2021_01211,MEncodnnUnet,4 channels,ET,0.7549277544021606,3.0
BraTS2021_00407,MEncodnnUnet,4 channels,ET,0.893467366695404,1.4142135623730951
BraTS2021_00824,MEncodnnUnet,4 channels,ET,0.9591444730758667,2.23606797749979
BraTS2021_00718,MEncodnnUnet,4 channels,ET,0.9219539761543274,1.4142135623730951
BraTS2021_01660,MEncodnnUnet,4 channels,ET,0.9173010587692261,2.449489742783178
BraTS2021_00448,MEncodnnUnet,4 channels,ET,0.9589415788650513,1.0
BraTS2021_01239,MEncodnnUnet,4 channels,ET,0.8851336240768433,1.7320508075688772
BraTS2021_01379,MEncodnnUnet,4 channels,ET,0.9045702815055847,1.0
BraTS2021_01385,MEncodnnUnet,4 channels,ET,0.9781501293182373,1.0
BraTS2021_00519,MEncodnnUnet,4 channels,ET,0.9506666660308838,1.0
BraTS2021_01072,MEncodnnUnet,4 channels,ET,0.9169921278953552,1.0
BraTS2021_00185,MEncodnnUnet,4 channels,ET,0.9205112457275391,2.0
BraTS2021_01492,MEncodnnUnet,4 channels,ET,0.9488289952278137,1.4142135623730951
BraTS2021_01628,MEncodnnUnet,4 channels,ET,0.09715639799833298,6.942562584220402
BraTS2021_00184,MEncodnnUnet,4 channels,ET,0.9366732835769653,1.4142135623730951
BraTS2021_00359,MEncodnnUnet,4 channels,ET,0.9764843583106995,2.8284271247461903
BraTS2021_00116,MEncodnnUnet,4 channels,ET,0.7241383790969849,5.477225575051661
BraTS2021_00468,MEncodnnUnet,4 channels,ET,0.8261585235595703,3.1622776601683795
BraTS2021_01459,MEncodnnUnet,4 channels,ET,0.9388327598571777,1.0
BraTS2021_01486,MEncodnnUnet,4 channels,ET,1.0,0.0
BraTS2021_00687,MEncodnnUnet,4 channels,ET,0.9252238273620605,2.0
BraTS2021_01302,MEncodnnUnet,4 channels,ET,0.9255790114402771,2.23606797749979
BraTS2021_00999,MEncodnnUnet,4 channels,ET,0.6955016255378723,3.0
BraTS2021_00241,MEncodnnUnet,4 channels,ET,0.9668863415718079,1.0
BraTS2021_01067,MEncodnnUnet,4 channels,ET,0.9420416951179504,1.0
BraTS2021_01362,MEncodnnUnet,4 channels,ET,0.9537649750709534,1.4142135623730951
BraTS2021_00085,MEncodnnUnet,4 channels,ET,0.8461881279945374,1.4142135623730951
BraTS2021_01180,MEncodnnUnet,4 channels,ET,0.9020729064941406,6.708203932499369
BraTS2021_01312,MEncodnnUnet,4 channels,ET,0.9776888489723206,1.0
BraTS2021_00511,MEncodnnUnet,4 channels,ET,0.9427556395530701,1.0
BraTS2021_00834,MEncodnnUnet,4 channels,ET,0.9491409659385681,1.0
BraTS2021_01045,MEncodnnUnet,4 channels,ET,0.9273561835289001,1.7320508075688772
BraTS2021_00808,MEncodnnUnet,4 channels,ET,0.923775315284729,2.8284271247461903
BraTS2021_01042,MEncodnnUnet,4 channels,ET,0.885763943195343,1.4142135623730951
BraTS2021_01644,MEncodnnUnet,4 channels,ET,0.9720184803009033,19.949937343260004
BraTS2021_00360,MEncodnnUnet,4 channels,ET,0.9773958325386047,2.449489742783178
BraTS2021_01113,MEncodnnUnet,4 channels,ET,0.8663049340248108,1.4142135623730951
BraTS2021_00369,MEncodnnUnet,4 channels,ET,0.9265514016151428,1.0
BraTS2021_00679,MEncodnnUnet,4 channels,ET,0.812957763671875,3.7416573867739413
BraTS2021_00166,MEncodnnUnet,4 channels,ET,0.9603731036186218,1.0
BraTS2021_00456,MEncodnnUnet,4 channels,ET,0.9448500871658325,1.0
BraTS2021_00148,MEncodnnUnet,4 channels,ET,0.9081783890724182,2.0
BraTS2021_00624,MEncodnnUnet,4 channels,ET,0.886944055557251,1.0
BraTS2021_00316,MEncodnnUnet,4 channels,ET,0.9748700261116028,1.0
BraTS2021_01433,MEncodnnUnet,4 channels,ET,1.0,0.0
BraTS2021_00576,MEncodnnUnet,4 channels,ET,0.6706839203834534,10.723805294763608
BraTS2021_01016,MEncodnnUnet,4 channels,ET,0.953730046749115,1.4142135623730951
BraTS2021_00195,MEncodnnUnet,4 channels,ET,0.9463673830032349,2.23606797749979
BraTS2021_00090,MEncodnnUnet,4 channels,ET,0.9301431775093079,1.0
BraTS2021_00230,MEncodnnUnet,4 channels,ET,0.8833960890769958,1.4142135623730951
BraTS2021_01390,MEncodnnUnet,4 channels,ET,0.95905601978302,1.0
BraTS2021_00432,MEncodnnUnet,4 channels,ET,0.7957983016967773,2.23606797749979
BraTS2021_00654,MEncodnnUnet,4 channels,ET,0.9276692271232605,1.4142135623730951
BraTS2021_00406,MEncodnnUnet,4 channels,ET,0.9619335532188416,2.0
BraTS2021_01310,MEncodnnUnet,4 channels,ET,0.916973352432251,29.170189305481504
BraTS2021_00136,MEncodnnUnet,4 channels,ET,0.8180042505264282,3.1622776601683795
BraTS2021_00339,MEncodnnUnet,4 channels,ET,0.9739328622817993,1.0
BraTS2021_01383,MEncodnnUnet,4 channels,ET,0.9612644910812378,1.0
BraTS2021_00243,MEncodnnUnet,4 channels,ET,0.7862670421600342,10.392304845413264
BraTS2021_00555,MEncodnnUnet,4 channels,ET,0.8227800726890564,3.1622776601683795
BraTS2021_01600,MEncodnnUnet,4 channels,ET,0.9173653721809387,1.4142135623730951
BraTS2021_01131,MEncodnnUnet,4 channels,ET,0.9602620005607605,1.0
BraTS2021_00220,MEncodnnUnet,4 channels,ET,0.9297339916229248,1.0
BraTS2021_00288,MEncodnnUnet,4 channels,ET,0.9740678668022156,1.0
BraTS2021_01198,MEncodnnUnet,4 channels,ET,0.9035589694976807,2.23606797749979
BraTS2021_01613,MEncodnnUnet,4 channels,ET,0.9618450999259949,1.0
BraTS2021_01375,MEncodnnUnet,4 channels,ET,0.8613057136535645,49.42873062342106
BraTS2021_01449,MEncodnnUnet,4 channels,ET,0.9278818368911743,1.0
BraTS2021_00151,MEncodnnUnet,4 channels,ET,0.9064789414405823,4.123105625617661
BraTS2021_01638,MEncodnnUnet,4 channels,ET,0.941986620426178,1.0
BraTS2021_01454,MEncodnnUnet,4 channels,ET,0.8066927194595337,4.123105625617661
BraTS2021_01395,MEncodnnUnet,4 channels,ET,0.8930962085723877,1.0
BraTS2021_01348,MEncodnnUnet,4 channels,ET,0.9726882576942444,1.0
BraTS2021_01252,MEncodnnUnet,4 channels,ET,0.7857142686843872,2.23606797749979
BraTS2021_01585,MEncodnnUnet,4 channels,ET,0.9610558152198792,1.0
BraTS2021_01060,MEncodnnUnet,4 channels,ET,0.9463391304016113,1.0
BraTS2021_01494,MEncodnnUnet,4 channels,ET,1.0,0.0
BraTS2021_00382,MEncodnnUnet,4 channels,ET,0.872895359992981,1.0
BraTS2021_01165,MEncodnnUnet,4 channels,ET,0.9677097797393799,1.0
BraTS2021_01620,MEncodnnUnet,4 channels,ET,0.9223476052284241,4.898979485566356
BraTS2021_01331,MEncodnnUnet,4 channels,ET,0.9425581097602844,1.0
BraTS2021_01508,MEncodnnUnet,4 channels,ET,0.4746543765068054,14.59435752962242
BraTS2021_00221,MEncodnnUnet,4 channels,ET,0.9329378604888916,1.0
BraTS2021_00115,MEncodnnUnet,4 channels,ET,0.9450739026069641,1.0
BraTS2021_00253,MEncodnnUnet,4 channels,ET,0.9661136865615845,1.0
BraTS2021_00764,MEncodnnUnet,4 channels,ET,0.8367927074432373,5.0
BraTS2021_00646,MEncodnnUnet,4 channels,ET,0.979576826095581,1.0
BraTS2021_00656,MEncodnnUnet,4 channels,ET,0.7599461674690247,9.56545670087533
BraTS2021_01132,MEncodnnUnet,4 channels,ET,0.9734748005867004,1.0
BraTS2021_01213,MEncodnnUnet,4 channels,ET,0.7125660181045532,1.4142135623730951
BraTS2021_01272,MEncodnnUnet,4 channels,ET,0.8923485279083252,1.0
BraTS2021_00725,MEncodnnUnet,4 channels,ET,0.9296337366104126,1.4142135623730951
BraTS2021_01516,MEncodnnUnet,4 channels,ET,0.805111825466156,6.439751902523588
BraTS2021_01466,MEncodnnUnet,4 channels,ET,0.9191066026687622,1.4142135623730951
BraTS2021_01218,MEncodnnUnet,4 channels,ET,0.7794517278671265,13.015361924162114
BraTS2021_01606,MEncodnnUnet,4 channels,ET,0.8708708882331848,1.4142135623730951
BraTS2021_00364,MEncodnnUnet,4 channels,ET,0.97990882396698,1.0
BraTS2021_00765,MEncodnnUnet,4 channels,ET,0.8887971639633179,1.4142135623730951
BraTS2021_00139,MEncodnnUnet,4 channels,ET,0.827567458152771,4.0
BraTS2021_01430,MEncodnnUnet,4 channels,ET,0.870902955532074,2.23606797749979
BraTS2021_01407,MEncodnnUnet,4 channels,ET,0.9719766974449158,1.0
BraTS2021_01355,MEncodnnUnet,4 channels,ET,0.9866170287132263,1.0
BraTS2021_00793,MEncodnnUnet,4 channels,ET,0.8624277710914612,3.0
BraTS2021_01028,MEncodnnUnet,4 channels,ET,0.9306395649909973,1.4142135623730951
BraTS2021_00697,MEncodnnUnet,4 channels,ET,0.9505507946014404,1.0
BraTS2021_00123,MEncodnnUnet,4 channels,ET,0.9564562439918518,1.0
BraTS2021_01662,MEncodnnUnet,4 channels,ET,0.9511385560035706,1.0
BraTS2021_00663,MEncodnnUnet,4 channels,ET,0.972029447555542,1.0
BraTS2021_00495,MEncodnnUnet,4 channels,ET,0.9456341862678528,1.0
BraTS2021_01299,MEncodnnUnet,4 channels,ET,0.8793325424194336,1.4142135623730951
BraTS2021_01308,MEncodnnUnet,4 channels,ET,0.9032830595970154,2.8284271247461903
BraTS2021_01471,MEncodnnUnet,4 channels,ET,0.9227839708328247,1.4142135623730951
BraTS2021_00016,MEncodnnUnet,4 channels,ET,0.8553130626678467,2.23606797749979
BraTS2021_01199,MEncodnnUnet,4 channels,ET,0.9424031376838684,1.0
BraTS2021_00322,MEncodnnUnet,4 channels,ET,0.9495769143104553,1.0
BraTS2021_00111,MEncodnnUnet,4 channels,ET,0.549529492855072,8.789163507126053
BraTS2021_01316,MEncodnnUnet,4 channels,ET,0.9675401449203491,2.0
BraTS2021_01049,MEncodnnUnet,4 channels,ET,0.8376036286354065,2.449489742783178
BraTS2021_00675,MEncodnnUnet,4 channels,ET,0.9059274792671204,2.0
BraTS2021_00371,MEncodnnUnet,4 channels,ET,0.9300020337104797,2.23606797749979
BraTS2021_01136,MEncodnnUnet,4 channels,ET,0.9589266180992126,1.4142135623730951
BraTS2021_01085,MEncodnnUnet,4 channels,ET,0.9629126191139221,1.0
BraTS2021_00716,MEncodnnUnet,4 channels,ET,0.9415170550346375,1.0
BraTS2021_01656,MEncodnnUnet,4 channels,ET,0.717860221862793,7.0710678118654755
BraTS2021_01575,MEncodnnUnet,4 channels,ET,0.9493135213851929,1.4142135623730951
BraTS2021_01584,MEncodnnUnet,4 channels,ET,0.9554142355918884,1.0
BraTS2021_01217,MEncodnnUnet,4 channels,ET,0.8314499855041504,1.4142135623730951
BraTS2021_01389,MEncodnnUnet,4 channels,ET,0.9252897500991821,1.0
BraTS2021_00332,MEncodnnUnet,4 channels,ET,0.9341591596603394,1.0
BraTS2021_00830,MEncodnnUnet,4 channels,ET,0.9682156443595886,1.0
BraTS2021_01317,MEncodnnUnet,4 channels,ET,0.9576117992401123,1.0
BraTS2021_00724,MEncodnnUnet,4 channels,ET,0.9184090495109558,1.4142135623730951
BraTS2021_01208,MEncodnnUnet,4 channels,ET,0.7817460298538208,3.0973665961010313
BraTS2021_01102,MEncodnnUnet,4 channels,ET,0.9311646223068237,1.0
BraTS2021_01321,MEncodnnUnet,4 channels,ET,0.9677709341049194,1.0
BraTS2021_00626,MEncodnnUnet,4 channels,ET,0.9526487588882446,1.0
BraTS2021_00089,MEncodnnUnet,4 channels,ET,0.9712281823158264,1.0
BraTS2021_01192,MEncodnnUnet,4 channels,ET,0.1987958699464798,16.0312195418814
BraTS2021_01446,MEncodnnUnet,4 channels,ET,0.8680331110954285,2.0
BraTS2021_00729,MEncodnnUnet,4 channels,ET,0.9660605788230896,1.0
BraTS2021_01525,MEncodnnUnet,4 channels,ET,0.8564154505729675,5.196152422706632
BraTS2021_00081,MEncodnnUnet,4 channels,ET,0.9765468835830688,1.0
BraTS2021_01125,MEncodnnUnet,4 channels,ET,0.9493594169616699,1.4142135623730951
BraTS2021_01279,MEncodnnUnet,4 channels,ET,0.9108123183250427,1.0
BraTS2021_00551,MEncodnnUnet,4 channels,ET,0.9110409617424011,1.4142135623730951
BraTS2021_00690,MEncodnnUnet,4 channels,ET,0.9007936716079712,1.4142135623730951
BraTS2021_00300,MEncodnnUnet,4 channels,ET,0.9380773305892944,1.0
BraTS2021_00481,MEncodnnUnet,4 channels,ET,0.9242038726806641,1.7320508075688772
BraTS2021_01301,MEncodnnUnet,4 channels,ET,0.9627920389175415,1.0
BraTS2021_01570,MEncodnnUnet,4 channels,ET,0.9786767959594727,1.0
BraTS2021_01150,MEncodnnUnet,4 channels,ET,0.8390333652496338,4.123105625617661
BraTS2021_01169,MEncodnnUnet,4 channels,ET,0.0,24.71841418861655
BraTS2021_01618,MEncodnnUnet,4 channels,ET,0.9565192461013794,1.0
BraTS2021_00051,MEncodnnUnet,4 channels,ET,0.961510956287384,1.0
BraTS2021_00479,MEncodnnUnet,4 channels,ET,0.9596491456031799,1.0
BraTS2021_00501,MEncodnnUnet,4 channels,ET,0.8858034014701843,1.4142135623730951
BraTS2021_01527,MEncodnnUnet,4 channels,ET,0.20779220759868622,31.10942370944934
BraTS2021_01161,MEncodnnUnet,4 channels,ET,0.9710693955421448,1.0
BraTS2021_01182,MEncodnnUnet,4 channels,ET,0.7658847570419312,3.3166247903554
BraTS2021_01328,MEncodnnUnet,4 channels,ET,0.9528656601905823,1.0
BraTS2021_00561,MEncodnnUnet,4 channels,ET,0.9661710858345032,1.0
BraTS2021_01544,MEncodnnUnet,4 channels,ET,0.9551403522491455,2.8284271247461903
BraTS2021_01455,MEncodnnUnet,4 channels,ET,0.9202488660812378,1.4142135623730951
BraTS2021_01543,MEncodnnUnet,4 channels,ET,0.9740920066833496,1.0
BraTS2021_01171,MEncodnnUnet,4 channels,ET,0.9412268996238708,1.4142135623730951
BraTS2021_00211,MEncodnnUnet,4 channels,ET,0.9690508246421814,1.0
BraTS2021_01103,MEncodnnUnet,4 channels,ET,0.289360374212265,17.72004514666935
BraTS2021_01011,MEncodnnUnet,4 channels,ET,0.9536417126655579,1.0
BraTS2021_00756,MEncodnnUnet,4 channels,ET,0.9230153560638428,1.4142135623730951
BraTS2021_01615,MEncodnnUnet,4 channels,ET,0.878749668598175,3.0
BraTS2021_01077,MEncodnnUnet,4 channels,ET,0.6766917109489441,2.0
BraTS2021_01120,MEncodnnUnet,4 channels,ET,0.9609254598617554,1.0
BraTS2021_01577,MEncodnnUnet,4 channels,ET,0.9797723293304443,1.0
BraTS2021_00491,MEncodnnUnet,4 channels,ET,0.8952755928039551,1.4142135623730951
BraTS2021_01184,MEncodnnUnet,4 channels,ET,0.886077344417572,3.1622776601683795
BraTS2021_01048,MEncodnnUnet,4 channels,ET,0.8689426183700562,1.7320508075688772
BraTS2021_01305,MEncodnnUnet,4 channels,ET,0.9828378558158875,1.0
BraTS2021_00062,MEncodnnUnet,4 channels,ET,0.9676992893218994,1.0
BraTS2021_01047,MEncodnnUnet,4 channels,ET,0.8203778862953186,1.7320508075688772
BraTS2021_01191,MEncodnnUnet,4 channels,ET,0.7906566262245178,2.8284271247461903
BraTS2021_00286,MEncodnnUnet,4 channels,ET,0.9496698379516602,8.55566804966254
BraTS2021_00118,MEncodnnUnet,4 channels,ET,0.9714785218238831,1.0
BraTS2021_00043,MEncodnnUnet,4 channels,ET,0.4920487701892853,15.066519173319364
BraTS2021_00593,MEncodnnUnet,4 channels,ET,0.9237573146820068,2.0
BraTS2021_01023,MEncodnnUnet,4 channels,ET,0.9406784772872925,1.4142135623730951
BraTS2021_01560,MEncodnnUnet,4 channels,ET,0.929602861404419,1.7320508075688772
BraTS2021_00147,MEncodnnUnet,4 channels,ET,0.8947256803512573,2.449489742783178
BraTS2021_00429,MEncodnnUnet,4 channels,ET,0.9610938429832458,1.0
BraTS2021_00828,MEncodnnUnet,4 channels,ET,0.8763019442558289,3.1622776601683795
BraTS2021_00262,MEncodnnUnet,4 channels,ET,0.9181258678436279,2.0
BraTS2021_00095,MEncodnnUnet,4 channels,ET,0.924675464630127,1.0
BraTS2021_01075,MEncodnnUnet,4 channels,WT_TC_ET_Regions,0.7885928750038147,7.613112144071235
BraTS2021_01106,MEncodnnUnet,4 channels,WT_TC_ET_Regions,0.9069103598594666,3.4814000768700333
BraTS2021_00618,MEncodnnUnet,4 channels,WT_TC_ET_Regions,0.9842025637626648,1.0
BraTS2021_00789,MEncodnnUnet,4 channels,WT_TC_ET_Regions,0.9835322499275208,1.0
BraTS2021_01512,MEncodnnUnet,4 channels,WT_TC_ET_Regions,0.6120481491088867,17.822456878441304
BraTS2021_01315,MEncodnnUnet,4 channels,WT_TC_ET_Regions,0.9520590305328369,2.2167605132909616
BraTS2021_00251,MEncodnnUnet,4 channels,WT_TC_ET_Regions,0.9632115364074707,1.0
BraTS2021_01465,MEncodnnUnet,4 channels,WT_TC_ET_Regions,0.961669921875,1.4142135623730951
BraTS2021_00510,MEncodnnUnet,4 channels,WT_TC_ET_Regions,0.9407719969749451,2.1384045245059435
BraTS2021_01402,MEncodnnUnet,4 channels,WT_TC_ET_Regions,0.9691666960716248,2.4831632475943928
BraTS2021_00280,MEncodnnUnet,4 channels,WT_TC_ET_Regions,0.8839665055274963,3.7361740394135072
BraTS2021_01502,MEncodnnUnet,4 channels,WT_TC_ET_Regions,0.7882741689682007,20.725834365774297
BraTS2021_00686,MEncodnnUnet,4 channels,WT_TC_ET_Regions,0.9435684680938721,1.804737854124365
BraTS2021_01360,MEncodnnUnet,4 channels,WT_TC_ET_Regions,0.9651528000831604,2.722009735926352
BraTS2021_01391,MEncodnnUnet,4 channels,WT_TC_ET_Regions,0.9385822415351868,2.86851709182133
BraTS2021_00485,MEncodnnUnet,4 channels,WT_TC_ET_Regions,0.6212348937988281,9.091402522325014
BraTS2021_00400,MEncodnnUnet,4 channels,WT_TC_ET_Regions,0.926497757434845,2.3227062616895555
BraTS2021_00077,MEncodnnUnet,4 channels,WT_TC_ET_Regions,0.9516438841819763,16.328912550384388
BraTS2021_01631,MEncodnnUnet,4 channels,WT_TC_ET_Regions,0.958504855632782,2.9448848499725604
BraTS2021_01352,MEncodnnUnet,4 channels,WT_TC_ET_Regions,0.9135907292366028,2.3333333333333335
BraTS2021_01127,MEncodnnUnet,4 channels,WT_TC_ET_Regions,0.9628269076347351,1.1380711874576983
BraTS2021_01664,MEncodnnUnet,4 channels,WT_TC_ET_Regions,0.6495557427406311,10.903755872249285
BraTS2021_01580,MEncodnnUnet,4 channels,WT_TC_ET_Regions,0.9392789006233215,1.4142135623730951
BraTS2021_01623,MEncodnnUnet,4 channels,WT_TC_ET_Regions,0.9453932642936707,2.257704168637923
BraTS2021_01416,MEncodnnUnet,4 channels,WT_TC_ET_Regions,0.8537278175354004,7.6523924371325664
BraTS2021_01381,MEncodnnUnet,4 channels,WT_TC_ET_Regions,0.9794160723686218,1.2440169358562925
BraTS2021_00171,MEncodnnUnet,4 channels,WT_TC_ET_Regions,0.9075546860694885,4.635613435568803
BraTS2021_00271,MEncodnnUnet,4 channels,WT_TC_ET_Regions,0.9613539576530457,1.3820881233139908
BraTS2021_01069,MEncodnnUnet,4 channels,WT_TC_ET_Regions,0.9859161972999573,1.0
BraTS2021_00401,MEncodnnUnet,4 channels,WT_TC_ET_Regions,0.9214575886726379,1.7475468957064286
BraTS2021_00053,MEncodnnUnet,4 channels,WT_TC_ET_Regions,0.9291180968284607,4.764490906942421
BraTS2021_00060,MEncodnnUnet,4 channels,WT_TC_ET_Regions,0.9473910927772522,2.2879011017187576
BraTS2021_00003,MEncodnnUnet,4 channels,WT_TC_ET_Regions,0.9686619639396667,1.0
BraTS2021_01550,MEncodnnUnet,4 channels,WT_TC_ET_Regions,0.9603390693664551,13.650417082050659
BraTS2021_00102,MEncodnnUnet,4 channels,WT_TC_ET_Regions,0.6591702103614807,22.831856524116393
BraTS2021_01338,MEncodnnUnet,4 channels,WT_TC_ET_Regions,0.9734439253807068,1.7722082634518
BraTS2021_00405,MEncodnnUnet,4 channels,WT_TC_ET_Regions,0.9710474610328674,1.2440169358562925
BraTS2021_01358,MEncodnnUnet,4 channels,WT_TC_ET_Regions,0.9796090126037598,1.0
BraTS2021_01204,MEncodnnUnet,4 channels,WT_TC_ET_Regions,0.8666651248931885,3.2827306541944243
BraTS2021_01057,MEncodnnUnet,4 channels,WT_TC_ET_Regions,0.9351391196250916,2.7483884857394654
BraTS2021_00395,MEncodnnUnet,4 channels,WT_TC_ET_Regions,0.9731855392456055,3.164430907602096
BraTS2021_01632,MEncodnnUnet,4 channels,WT_TC_ET_Regions,0.937816321849823,1.9428090415820634
BraTS2021_00430,MEncodnnUnet,4 channels,WT_TC_ET_Regions,0.962428092956543,1.1380711874576983
BraTS2021_01393,MEncodnnUnet,4 channels,WT_TC_ET_Regions,0.9880778193473816,1.0
BraTS2021_00747,MEncodnnUnet,4 channels,WT_TC_ET_Regions,0.956238329410553,1.4142135623730951
BraTS2021_00210,MEncodnnUnet,4 channels,WT_TC_ET_Regions,0.9556882977485657,15.099279133290986
BraTS2021_01654,MEncodnnUnet,4 channels,WT_TC_ET_Regions,0.973236083984375,1.1380711874576983
BraTS2021_01598,MEncodnnUnet,4 channels,WT_TC_ET_Regions,0.9573376774787903,1.9621165057908916
BraTS2021_00605,MEncodnnUnet,4 channels,WT_TC_ET_Regions,0.9772494435310364,1.3333333333333333
BraTS2021_00310,MEncodnnUnet,4 channels,WT_TC_ET_Regions,0.9317098259925842,2.23606797749979
BraTS2021_01029,MEncodnnUnet,4 channels,WT_TC_ET_Regions,0.9731819033622742,1.0
BraTS2021_01414,MEncodnnUnet,4 channels,WT_TC_ET_Regions,0.8479445576667786,6.528414175558833
BraTS2021_00165,MEncodnnUnet,4 channels,WT_TC_ET_Regions,0.9744737148284912,1.0
BraTS2021_01436,MEncodnnUnet,4 channels,WT_TC_ET_Regions,0.9295724630355835,3.23606797749979
BraTS2021_00206,MEncodnnUnet,4 channels,WT_TC_ET_Regions,0.9548311233520508,5.345222949206065
BraTS2021_00496,MEncodnnUnet,4 channels,WT_TC_ET_Regions,0.8694025874137878,3.2677062064781173
BraTS2021_00548,MEncodnnUnet,4 channels,WT_TC_ET_Regions,0.9486767649650574,2.461721602378168
BraTS2021_00199,MEncodnnUnet,4 channels,WT_TC_ET_Regions,0.9734363555908203,1.2440169358562925
BraTS2021_01251,MEncodnnUnet,4 channels,WT_TC_ET_Regions,0.9289584159851074,1.7941107824805875
BraTS2021_00282,MEncodnnUnet,4 channels,WT_TC_ET_Regions,0.9530629515647888,1.804737854124365
BraTS2021_01418,MEncodnnUnet,4 channels,WT_TC_ET_Regions,0.9301998019218445,1.9000565308791815
BraTS2021_01566,MEncodnnUnet,4 channels,WT_TC_ET_Regions,0.9107375144958496,9.052179775952174
BraTS2021_01137,MEncodnnUnet,4 channels,WT_TC_ET_Regions,0.8749098181724548,11.411937842202079
BraTS2021_01000,MEncodnnUnet,4 channels,WT_TC_ET_Regions,0.9612014889717102,1.0
BraTS2021_01046,MEncodnnUnet,4 channels,WT_TC_ET_Regions,0.9539379477500916,1.9000565308791815
BraTS2021_00610,MEncodnnUnet,4 channels,WT_TC_ET_Regions,0.9258255958557129,2.2189514164974597
BraTS2021_00823,MEncodnnUnet,4 channels,WT_TC_ET_Regions,0.8992409706115723,2.763702998582319
BraTS2021_00203,MEncodnnUnet,4 channels,WT_TC_ET_Regions,0.9334831237792969,2.2167605132909616
BraTS2021_01458,MEncodnnUnet,4 channels,WT_TC_ET_Regions,0.8718870282173157,5.675108881857802
BraTS2021_01158,MEncodnnUnet,4 channels,WT_TC_ET_Regions,0.9193065762519836,18.681976994541717
BraTS2021_00539,MEncodnnUnet,4 channels,WT_TC_ET_Regions,0.9515565037727356,1.5500938466242948
BraTS2021_00550,MEncodnnUnet,4 channels,WT_TC_ET_Regions,0.8269856572151184,4.931515201606769
BraTS2021_00294,MEncodnnUnet,4 channels,WT_TC_ET_Regions,0.9169448018074036,25.171103072811274
BraTS2021_01597,MEncodnnUnet,4 channels,WT_TC_ET_Regions,0.9348444938659668,2.1380711874576983
BraTS2021_01014,MEncodnnUnet,4 channels,WT_TC_ET_Regions,0.9832149147987366,1.0
BraTS2021_01357,MEncodnnUnet,4 channels,WT_TC_ET_Regions,0.9775026440620422,1.1380711874576983
BraTS2021_00525,MEncodnnUnet,4 channels,WT_TC_ET_Regions,0.6341978907585144,15.371844162119727
BraTS2021_00494,MEncodnnUnet,4 channels,WT_TC_ET_Regions,0.8810033798217773,9.460603972181946
BraTS2021_00343,MEncodnnUnet,4 channels,WT_TC_ET_Regions,0.9405563473701477,2.3333333333333335
BraTS2021_00608,MEncodnnUnet,4 channels,WT_TC_ET_Regions,0.9300714135169983,1.9893729283562223
BraTS2021_01661,MEncodnnUnet,4 channels,WT_TC_ET_Regions,0.9588665962219238,3.272445933268648
BraTS2021_01179,MEncodnnUnet,4 channels,WT_TC_ET_Regions,0.7764964699745178,8.94427190999916
BraTS2021_01278,MEncodnnUnet,4 channels,WT_TC_ET_Regions,0.9637969136238098,1.3333333333333333
BraTS2021_00234,MEncodnnUnet,4 channels,WT_TC_ET_Regions,0.8893976211547852,6.186971075451335
BraTS2021_01633,MEncodnnUnet,4 channels,WT_TC_ET_Regions,0.9385998249053955,7.1388292796492
BraTS2021_01018,MEncodnnUnet,4 channels,WT_TC_ET_Regions,0.9828527569770813,1.0
BraTS2021_00464,MEncodnnUnet,4 channels,WT_TC_ET_Regions,0.9384635090827942,1.6881650340819931
BraTS2021_00131,MEncodnnUnet,4 channels,WT_TC_ET_Regions,0.9241030216217041,2.2167605132909616
BraTS2021_01547,MEncodnnUnet,4 channels,WT_TC_ET_Regions,0.9614213109016418,1.7941107824805875
BraTS2021_00331,MEncodnnUnet,4 channels,WT_TC_ET_Regions,0.4942243993282318,30.279885014747716
BraTS2021_01477,MEncodnnUnet,4 channels,WT_TC_ET_Regions,0.8821903467178345,10.817893508103174
BraTS2021_00500,MEncodnnUnet,4 channels,WT_TC_ET_Regions,0.8996939063072205,2.5522847498307932
BraTS2021_00797,MEncodnnUnet,4 channels,WT_TC_ET_Regions,0.9433137774467468,2.5485473884966034
BraTS2021_01210,MEncodnnUnet,4 channels,WT_TC_ET_Regions,0.8762628436088562,3.4120226591665967
BraTS2021_00144,MEncodnnUnet,4 channels,WT_TC_ET_Regions,0.9231670498847961,1.804737854124365
BraTS2021_00547,MEncodnnUnet,4 channels,WT_TC_ET_Regions,0.9453601837158203,1.804737854124365
BraTS2021_00651,MEncodnnUnet,4 channels,WT_TC_ET_Regions,0.9545343518257141,1.1380711874576983
BraTS2021_00112,MEncodnnUnet,4 channels,WT_TC_ET_Regions,0.704077422618866,15.926887890968148
BraTS2021_00273,MEncodnnUnet,4 channels,WT_TC_ET_Regions,0.9639226794242859,2.1842309226183967
BraTS2021_01322,MEncodnnUnet,4 channels,WT_TC_ET_Regions,0.9270763993263245,18.533669364738593
BraTS2021_01314,MEncodnnUnet,4 channels,WT_TC_ET_Regions,0.6605029702186584,4.009034772517311
BraTS2021_00504,MEncodnnUnet,4 channels,WT_TC_ET_Regions,0.8973404765129089,5.138071187457698
BraTS2021_00160,MEncodnnUnet,4 channels,WT_TC_ET_Regions,0.8684833645820618,5.615636973460423
BraTS2021_00096,MEncodnnUnet,4 channels,WT_TC_ET_Regions,0.9622345566749573,1.3333333333333333
BraTS2021_00146,MEncodnnUnet,4 channels,WT_TC_ET_Regions,0.8211970925331116,5.33574787144343
BraTS2021_01518,MEncodnnUnet,4 channels,WT_TC_ET_Regions,0.8301369547843933,12.951332777554851
BraTS2021_00806,MEncodnnUnet,4 channels,WT_TC_ET_Regions,0.9273028373718262,7.434481837705537
BraTS2021_00518,MEncodnnUnet,4 channels,WT_TC_ET_Regions,0.8465879559516907,36.20166503752669
BraTS2021_00728,MEncodnnUnet,4 channels,WT_TC_ET_Regions,0.9208129048347473,1.1380711874576983
BraTS2021_00616,MEncodnnUnet,4 channels,WT_TC_ET_Regions,0.9826002717018127,1.0
BraTS2021_01319,MEncodnnUnet,4 channels,WT_TC_ET_Regions,0.9708616733551025,1.4120226591665965
BraTS2021_00193,MEncodnnUnet,4 channels,WT_TC_ET_Regions,0.9605186581611633,2.0214983674153264
BraTS2021_01212,MEncodnnUnet,4 channels,WT_TC_ET_Regions,0.8770480751991272,8.252149051638762
BraTS2021_01297,MEncodnnUnet,4 channels,WT_TC_ET_Regions,0.8512354493141174,4.618173357094549
BraTS2021_01339,MEncodnnUnet,4 channels,WT_TC_ET_Regions,0.9770851135253906,1.0
BraTS2021_00157,MEncodnnUnet,4 channels,WT_TC_ET_Regions,0.9611971378326416,1.4120226591665965
BraTS2021_00777,MEncodnnUnet,4 channels,WT_TC_ET_Regions,0.9630478024482727,1.1380711874576983
BraTS2021_00191,MEncodnnUnet,4 channels,WT_TC_ET_Regions,0.967850387096405,9.939314473236152
BraTS2021_00219,MEncodnnUnet,4 channels,WT_TC_ET_Regions,0.9720020890235901,1.0
BraTS2021_01370,MEncodnnUnet,4 channels,WT_TC_ET_Regions,0.8286202549934387,12.337964795104577
BraTS2021_01485,MEncodnnUnet,4 channels,WT_TC_ET_Regions,0.677466869354248,39.499384157242496
BraTS2021_00567,MEncodnnUnet,4 channels,WT_TC_ET_Regions,0.9292425513267517,2.1542963867657905
BraTS2021_00596,MEncodnnUnet,4 channels,WT_TC_ET_Regions,0.9566740989685059,1.1380711874576983
BraTS2021_01177,MEncodnnUnet,4 channels,WT_TC_ET_Regions,0.9307577610015869,9.474900671663466
BraTS2021_00839,MEncodnnUnet,4 channels,WT_TC_ET_Regions,0.8740472793579102,2.9106836025229588
BraTS2021_01573,MEncodnnUnet,4 channels,WT_TC_ET_Regions,0.9780607223510742,1.9428090415820634
BraTS2021_01579,MEncodnnUnet,4 channels,WT_TC_ET_Regions,0.9377927780151367,1.9621165057908916
BraTS2021_01636,MEncodnnUnet,4 channels,WT_TC_ET_Regions,0.5995668768882751,13.711465929240653
BraTS2021_01435,MEncodnnUnet,4 channels,WT_TC_ET_Regions,0.8875763416290283,3.3839144678161843
BraTS2021_01634,MEncodnnUnet,4 channels,WT_TC_ET_Regions,0.9808781743049622,1.6212344350520909
BraTS2021_01515,MEncodnnUnet,4 channels,WT_TC_ET_Regions,0.8638167977333069,6.772001872658765
BraTS2021_01567,MEncodnnUnet,4 channels,WT_TC_ET_Regions,0.9489324688911438,2.3333333333333335
BraTS2021_01200,MEncodnnUnet,4 channels,WT_TC_ET_Regions,0.9669104218482971,1.0
BraTS2021_00780,MEncodnnUnet,4 channels,WT_TC_ET_Regions,0.9815933108329773,1.0
BraTS2021_00212,MEncodnnUnet,4 channels,WT_TC_ET_Regions,0.8792111873626709,4.091206165165235
BraTS2021_00000,MEncodnnUnet,4 channels,WT_TC_ET_Regions,0.9673070907592773,1.6094757082487299
BraTS2021_00556,MEncodnnUnet,4 channels,WT_TC_ET_Regions,0.8839626312255859,4.112903300513138
BraTS2021_01211,MEncodnnUnet,4 channels,WT_TC_ET_Regions,0.8623101711273193,6.906245139334202
BraTS2021_00407,MEncodnnUnet,4 channels,WT_TC_ET_Regions,0.9282903671264648,1.6881650340819931
BraTS2021_00824,MEncodnnUnet,4 channels,WT_TC_ET_Regions,0.9667499661445618,1.9621165057908916
BraTS2021_00718,MEncodnnUnet,4 channels,WT_TC_ET_Regions,0.9525930285453796,1.4142135623730951
BraTS2021_01660,MEncodnnUnet,4 channels,WT_TC_ET_Regions,0.9328455328941345,3.228519240094323
BraTS2021_00448,MEncodnnUnet,4 channels,WT_TC_ET_Regions,0.9773411750793457,1.0
BraTS2021_01239,MEncodnnUnet,4 channels,WT_TC_ET_Regions,0.9114950299263,2.854373709576846
BraTS2021_01379,MEncodnnUnet,4 channels,WT_TC_ET_Regions,0.9028677940368652,3.0715176392818724
BraTS2021_01385,MEncodnnUnet,4 channels,WT_TC_ET_Regions,0.9822961688041687,1.1380711874576983
BraTS2021_00519,MEncodnnUnet,4 channels,WT_TC_ET_Regions,0.9453356862068176,1.9647761559124188
BraTS2021_01072,MEncodnnUnet,4 channels,WT_TC_ET_Regions,0.9449356198310852,2.2440169358562922
BraTS2021_00185,MEncodnnUnet,4 channels,WT_TC_ET_Regions,0.8115348815917969,6.871227777044585
BraTS2021_01492,MEncodnnUnet,4 channels,WT_TC_ET_Regions,0.9460142254829407,2.1791063959969184
BraTS2021_01628,MEncodnnUnet,4 channels,WT_TC_ET_Regions,0.3825474679470062,16.308230035286098
BraTS2021_00184,MEncodnnUnet,4 channels,WT_TC_ET_Regions,0.958447277545929,2.5522847498307932
BraTS2021_00359,MEncodnnUnet,4 channels,WT_TC_ET_Regions,0.9830222725868225,1.6094757082487299
BraTS2021_00116,MEncodnnUnet,4 channels,WT_TC_ET_Regions,0.8253402709960938,5.82419715762198
BraTS2021_00468,MEncodnnUnet,4 channels,WT_TC_ET_Regions,0.838289737701416,6.2487162546769595
BraTS2021_01459,MEncodnnUnet,4 channels,WT_TC_ET_Regions,0.92510986328125,12.356553488233336
BraTS2021_01486,MEncodnnUnet,4 channels,WT_TC_ET_Regions,0.7266755104064941,10.567004683216627
BraTS2021_00687,MEncodnnUnet,4 channels,WT_TC_ET_Regions,0.9442688822746277,2.2285192400943226
BraTS2021_01302,MEncodnnUnet,4 channels,WT_TC_ET_Regions,0.9377935528755188,3.4324417077448417
BraTS2021_00999,MEncodnnUnet,4 channels,WT_TC_ET_Regions,0.8118547797203064,11.91360790093048
BraTS2021_00241,MEncodnnUnet,4 channels,WT_TC_ET_Regions,0.9686899781227112,1.0
BraTS2021_01067,MEncodnnUnet,4 channels,WT_TC_ET_Regions,0.9471113085746765,4.614938107483602
BraTS2021_01362,MEncodnnUnet,4 channels,WT_TC_ET_Regions,0.9661428332328796,1.7154214566473243
BraTS2021_00085,MEncodnnUnet,4 channels,WT_TC_ET_Regions,0.7054378390312195,7.213061907564974
BraTS2021_01180,MEncodnnUnet,4 channels,WT_TC_ET_Regions,0.9195008277893066,5.16996921022333
BraTS2021_01312,MEncodnnUnet,4 channels,WT_TC_ET_Regions,0.9834780693054199,1.0
BraTS2021_00511,MEncodnnUnet,4 channels,WT_TC_ET_Regions,0.9643186926841736,1.1380711874576983
BraTS2021_00834,MEncodnnUnet,4 channels,WT_TC_ET_Regions,0.9255154132843018,3.093369963093506
BraTS2021_01045,MEncodnnUnet,4 channels,WT_TC_ET_Regions,0.939064085483551,3.382088123313991
BraTS2021_00808,MEncodnnUnet,4 channels,WT_TC_ET_Regions,0.9611244201660156,1.7475468957064286
BraTS2021_01042,MEncodnnUnet,4 channels,WT_TC_ET_Regions,0.936419665813446,1.7593056225097892
BraTS2021_01644,MEncodnnUnet,4 channels,WT_TC_ET_Regions,0.9629127383232117,22.22557678817059
BraTS2021_00360,MEncodnnUnet,4 channels,WT_TC_ET_Regions,0.9616276621818542,6.219859405299438
BraTS2021_01113,MEncodnnUnet,4 channels,WT_TC_ET_Regions,0.9129435420036316,2.7475468957064284
BraTS2021_00369,MEncodnnUnet,4 channels,WT_TC_ET_Regions,0.9494909644126892,2.7748517734455866
BraTS2021_00679,MEncodnnUnet,4 channels,WT_TC_ET_Regions,0.8967449069023132,2.5805524622579803
BraTS2021_00166,MEncodnnUnet,4 channels,WT_TC_ET_Regions,0.9683224558830261,1.2761423749153968
BraTS2021_00456,MEncodnnUnet,4 channels,WT_TC_ET_Regions,0.967956006526947,1.0
BraTS2021_00148,MEncodnnUnet,4 channels,WT_TC_ET_Regions,0.8998098373413086,3.8937152492895364
BraTS2021_00624,MEncodnnUnet,4 channels,WT_TC_ET_Regions,0.9175536036491394,3.5127506556696857
BraTS2021_00316,MEncodnnUnet,4 channels,WT_TC_ET_Regions,0.9773170351982117,2.04103520853922
BraTS2021_01433,MEncodnnUnet,4 channels,WT_TC_ET_Regions,0.6713079214096069,17.74669653343417
BraTS2021_00576,MEncodnnUnet,4 channels,WT_TC_ET_Regions,0.7789532542228699,6.3199577574211325
BraTS2021_01016,MEncodnnUnet,4 channels,WT_TC_ET_Regions,0.9716465473175049,1.1380711874576983
BraTS2021_00195,MEncodnnUnet,4 channels,WT_TC_ET_Regions,0.9717382788658142,1.4120226591665965
BraTS2021_00090,MEncodnnUnet,4 channels,WT_TC_ET_Regions,0.94548100233078,1.3333333333333333
BraTS2021_00230,MEncodnnUnet,4 channels,WT_TC_ET_Regions,0.9365260601043701,1.4142135623730951
BraTS2021_01390,MEncodnnUnet,4 channels,WT_TC_ET_Regions,0.9673909544944763,1.1380711874576983
BraTS2021_00432,MEncodnnUnet,4 channels,WT_TC_ET_Regions,0.7051653861999512,10.396007919952185
BraTS2021_00654,MEncodnnUnet,4 channels,WT_TC_ET_Regions,0.9172768592834473,4.087469418934265
BraTS2021_00406,MEncodnnUnet,4 channels,WT_TC_ET_Regions,0.966131865978241,4.04125813066366
BraTS2021_01310,MEncodnnUnet,4 channels,WT_TC_ET_Regions,0.917759120464325,21.131042939227996
BraTS2021_00136,MEncodnnUnet,4 channels,WT_TC_ET_Regions,0.8599334359169006,9.255260192574376
BraTS2021_00339,MEncodnnUnet,4 channels,WT_TC_ET_Regions,0.9804242253303528,1.0
BraTS2021_01383,MEncodnnUnet,4 channels,WT_TC_ET_Regions,0.9581005573272705,3.270083225302218
BraTS2021_00243,MEncodnnUnet,4 channels,WT_TC_ET_Regions,0.7778539657592773,7.936237570137334
BraTS2021_00555,MEncodnnUnet,4 channels,WT_TC_ET_Regions,0.817448079586029,4.586337446601433
BraTS2021_01600,MEncodnnUnet,4 channels,WT_TC_ET_Regions,0.9620464444160461,1.1380711874576983
BraTS2021_01131,MEncodnnUnet,4 channels,WT_TC_ET_Regions,0.974970817565918,1.0
BraTS2021_00220,MEncodnnUnet,4 channels,WT_TC_ET_Regions,0.9327161908149719,2.531655640346821
BraTS2021_00288,MEncodnnUnet,4 channels,WT_TC_ET_Regions,0.9748722910881042,1.0
BraTS2021_01198,MEncodnnUnet,4 channels,WT_TC_ET_Regions,0.9336132407188416,2.8650805268724135
BraTS2021_01613,MEncodnnUnet,4 channels,WT_TC_ET_Regions,0.9650527834892273,1.1380711874576983
BraTS2021_01375,MEncodnnUnet,4 channels,WT_TC_ET_Regions,0.8133528828620911,33.90307407216224
BraTS2021_01449,MEncodnnUnet,4 channels,WT_TC_ET_Regions,0.9454529285430908,1.6560395950228888
BraTS2021_00151,MEncodnnUnet,4 channels,WT_TC_ET_Regions,0.9298253059387207,4.7077018752058875
BraTS2021_01638,MEncodnnUnet,4 channels,WT_TC_ET_Regions,0.9468399882316589,15.558398631002845
BraTS2021_01454,MEncodnnUnet,4 channels,WT_TC_ET_Regions,0.8457241654396057,5.013176164314384
BraTS2021_01395,MEncodnnUnet,4 channels,WT_TC_ET_Regions,0.8869182467460632,1.6094757082487299
BraTS2021_01348,MEncodnnUnet,4 channels,WT_TC_ET_Regions,0.9711166024208069,1.4120226591665965
BraTS2021_01252,MEncodnnUnet,4 channels,WT_TC_ET_Regions,0.8457708954811096,2.307208565927586
BraTS2021_01585,MEncodnnUnet,4 channels,WT_TC_ET_Regions,0.9736016392707825,1.0
BraTS2021_01060,MEncodnnUnet,4 channels,WT_TC_ET_Regions,0.9665419459342957,1.3820881233139908
BraTS2021_01494,MEncodnnUnet,4 channels,WT_TC_ET_Regions,0.8601977825164795,6.449747468305833
BraTS2021_00382,MEncodnnUnet,4 channels,WT_TC_ET_Regions,0.9156734347343445,2.9138857955913138
BraTS2021_01165,MEncodnnUnet,4 channels,WT_TC_ET_Regions,0.9697460532188416,1.3333333333333333
BraTS2021_01620,MEncodnnUnet,4 channels,WT_TC_ET_Regions,0.9410527348518372,2.437731015979817
BraTS2021_01331,MEncodnnUnet,4 channels,WT_TC_ET_Regions,0.9415517449378967,2.0385542986773526
BraTS2021_01508,MEncodnnUnet,4 channels,WT_TC_ET_Regions,0.6689584851264954,15.844685705943734
BraTS2021_00221,MEncodnnUnet,4 channels,WT_TC_ET_Regions,0.9646174907684326,1.0
BraTS2021_00115,MEncodnnUnet,4 channels,WT_TC_ET_Regions,0.9680845141410828,1.0
BraTS2021_00253,MEncodnnUnet,4 channels,WT_TC_ET_Regions,0.9580751061439514,2.461721602378168
BraTS2021_00764,MEncodnnUnet,4 channels,WT_TC_ET_Regions,0.8272477984428406,9.515128199121827
BraTS2021_00646,MEncodnnUnet,4 channels,WT_TC_ET_Regions,0.9774741530418396,1.3333333333333333
BraTS2021_00656,MEncodnnUnet,4 channels,WT_TC_ET_Regions,0.6227617263793945,30.447603271827276
BraTS2021_01132,MEncodnnUnet,4 channels,WT_TC_ET_Regions,0.9592534899711609,1.7722082634518
BraTS2021_01213,MEncodnnUnet,4 channels,WT_TC_ET_Regions,0.8513579964637756,3.2035857026238195
BraTS2021_01272,MEncodnnUnet,4 channels,WT_TC_ET_Regions,0.9274603724479675,1.2440169358562925
BraTS2021_00725,MEncodnnUnet,4 channels,WT_TC_ET_Regions,0.9102603793144226,2.5062809615232067
BraTS2021_01516,MEncodnnUnet,4 channels,WT_TC_ET_Regions,0.5947257876396179,10.475026817436868
BraTS2021_01466,MEncodnnUnet,4 channels,WT_TC_ET_Regions,0.946675717830658,1.7941107824805875
BraTS2021_01218,MEncodnnUnet,4 channels,WT_TC_ET_Regions,0.801482617855072,10.412404749392874
BraTS2021_01606,MEncodnnUnet,4 channels,WT_TC_ET_Regions,0.8984181880950928,1.7593056225097892
BraTS2021_00364,MEncodnnUnet,4 channels,WT_TC_ET_Regions,0.9866344332695007,1.0
BraTS2021_00765,MEncodnnUnet,4 channels,WT_TC_ET_Regions,0.8975989818572998,2.9164336844885566
BraTS2021_00139,MEncodnnUnet,4 channels,WT_TC_ET_Regions,0.884135901927948,3.63464501564744
BraTS2021_01430,MEncodnnUnet,4 channels,WT_TC_ET_Regions,0.9005200266838074,3.9754945791077403
BraTS2021_01407,MEncodnnUnet,4 channels,WT_TC_ET_Regions,0.9428322315216064,9.387649719641473
BraTS2021_01355,MEncodnnUnet,4 channels,WT_TC_ET_Regions,0.9846325516700745,1.0
BraTS2021_00793,MEncodnnUnet,4 channels,WT_TC_ET_Regions,0.9107131361961365,3.6666666666666665
BraTS2021_01028,MEncodnnUnet,4 channels,WT_TC_ET_Regions,0.9432950019836426,2.433521026581923
BraTS2021_00697,MEncodnnUnet,4 channels,WT_TC_ET_Regions,0.9641866087913513,1.1380711874576983
BraTS2021_00123,MEncodnnUnet,4 channels,WT_TC_ET_Regions,0.9610185623168945,1.6094757082487299
BraTS2021_01662,MEncodnnUnet,4 channels,WT_TC_ET_Regions,0.9721886515617371,1.0
BraTS2021_00663,MEncodnnUnet,4 channels,WT_TC_ET_Regions,0.9805450439453125,1.0
BraTS2021_00495,MEncodnnUnet,4 channels,WT_TC_ET_Regions,0.9629152417182922,1.1380711874576983
BraTS2021_01299,MEncodnnUnet,4 channels,WT_TC_ET_Regions,0.915977954864502,2.048754789980657
BraTS2021_01308,MEncodnnUnet,4 channels,WT_TC_ET_Regions,0.8034031987190247,27.991276259913885
BraTS2021_01471,MEncodnnUnet,4 channels,WT_TC_ET_Regions,0.9514926075935364,2.1380711874576983
BraTS2021_00016,MEncodnnUnet,4 channels,WT_TC_ET_Regions,0.8897789120674133,3.561852573427656
BraTS2021_01199,MEncodnnUnet,4 channels,WT_TC_ET_Regions,0.9690868854522705,1.0
BraTS2021_00322,MEncodnnUnet,4 channels,WT_TC_ET_Regions,0.9736869931221008,1.0
BraTS2021_00111,MEncodnnUnet,4 channels,WT_TC_ET_Regions,0.7528543472290039,6.4643366103838575
BraTS2021_01316,MEncodnnUnet,4 channels,WT_TC_ET_Regions,0.9744627475738525,1.3333333333333333
BraTS2021_01049,MEncodnnUnet,4 channels,WT_TC_ET_Regions,0.840600311756134,4.323033094163356
BraTS2021_00675,MEncodnnUnet,4 channels,WT_TC_ET_Regions,0.9302528500556946,1.8834271799576283
BraTS2021_00371,MEncodnnUnet,4 channels,WT_TC_ET_Regions,0.9680532813072205,1.4120226591665965
BraTS2021_01136,MEncodnnUnet,4 channels,WT_TC_ET_Regions,0.9735761284828186,1.6212344350520909
BraTS2021_01085,MEncodnnUnet,4 channels,WT_TC_ET_Regions,0.9623807072639465,1.7271801834506852
BraTS2021_00716,MEncodnnUnet,4 channels,WT_TC_ET_Regions,0.9623818397521973,1.1380711874576983
BraTS2021_01656,MEncodnnUnet,4 channels,WT_TC_ET_Regions,0.6047970652580261,9.544907684616152
BraTS2021_01575,MEncodnnUnet,4 channels,WT_TC_ET_Regions,0.9569451212882996,1.2761423749153966
BraTS2021_01584,MEncodnnUnet,4 channels,WT_TC_ET_Regions,0.9641650319099426,1.6560395950228888
BraTS2021_01217,MEncodnnUnet,4 channels,WT_TC_ET_Regions,0.879086971282959,2.535120230643405
BraTS2021_01389,MEncodnnUnet,4 channels,WT_TC_ET_Regions,0.9542455077171326,1.0
BraTS2021_00332,MEncodnnUnet,4 channels,WT_TC_ET_Regions,0.9341862201690674,1.5500938466242948
BraTS2021_00830,MEncodnnUnet,4 channels,WT_TC_ET_Regions,0.9733715057373047,3.0055460766535638
BraTS2021_01317,MEncodnnUnet,4 channels,WT_TC_ET_Regions,0.9741074442863464,1.4831632475943926
BraTS2021_00724,MEncodnnUnet,4 channels,WT_TC_ET_Regions,0.9563869833946228,1.2761423749153966
BraTS2021_01208,MEncodnnUnet,4 channels,WT_TC_ET_Regions,0.8057768940925598,5.043929757845926
BraTS2021_01102,MEncodnnUnet,4 channels,WT_TC_ET_Regions,0.9114571213722229,11.345663388018963
BraTS2021_01321,MEncodnnUnet,4 channels,WT_TC_ET_Regions,0.9784574508666992,1.1380711874576983
BraTS2021_00626,MEncodnnUnet,4 channels,WT_TC_ET_Regions,0.9569182991981506,9.026624135989636
BraTS2021_00089,MEncodnnUnet,4 channels,WT_TC_ET_Regions,0.9717843532562256,1.1380711874576983
BraTS2021_01192,MEncodnnUnet,4 channels,WT_TC_ET_Regions,0.4500880241394043,14.398544514950125
BraTS2021_01446,MEncodnnUnet,4 channels,WT_TC_ET_Regions,0.9101832509040833,3.010688479246339
BraTS2021_00729,MEncodnnUnet,4 channels,WT_TC_ET_Regions,0.9428426623344421,3.023689270621825
BraTS2021_01525,MEncodnnUnet,4 channels,WT_TC_ET_Regions,0.8436331748962402,9.044295000400167
BraTS2021_00081,MEncodnnUnet,4 channels,WT_TC_ET_Regions,0.9739506244659424,1.2440169358562925
BraTS2021_01125,MEncodnnUnet,4 channels,WT_TC_ET_Regions,0.9694808125495911,1.4714045207910316
BraTS2021_01279,MEncodnnUnet,4 channels,WT_TC_ET_Regions,0.8648554682731628,13.075748268793639
BraTS2021_00551,MEncodnnUnet,4 channels,WT_TC_ET_Regions,0.9484305381774902,1.5500938466242948
BraTS2021_00690,MEncodnnUnet,4 channels,WT_TC_ET_Regions,0.9309713244438171,1.6881650340819931
BraTS2021_00300,MEncodnnUnet,4 channels,WT_TC_ET_Regions,0.956265926361084,1.910683602522959
BraTS2021_00481,MEncodnnUnet,4 channels,WT_TC_ET_Regions,0.9556339383125305,1.6560395950228888
BraTS2021_01301,MEncodnnUnet,4 channels,WT_TC_ET_Regions,0.9116415977478027,28.309226445223917
BraTS2021_01570,MEncodnnUnet,4 channels,WT_TC_ET_Regions,0.983614981174469,1.0
BraTS2021_01150,MEncodnnUnet,4 channels,WT_TC_ET_Regions,0.8411445617675781,8.637133284557866
BraTS2021_01169,MEncodnnUnet,4 channels,WT_TC_ET_Regions,0.5393803119659424,13.299584692038499
BraTS2021_01618,MEncodnnUnet,4 channels,WT_TC_ET_Regions,0.9739421010017395,1.1380711874576983
BraTS2021_00051,MEncodnnUnet,4 channels,WT_TC_ET_Regions,0.9699882864952087,1.1380711874576983
BraTS2021_00479,MEncodnnUnet,4 channels,WT_TC_ET_Regions,0.966092050075531,2.3333333333333335
BraTS2021_00501,MEncodnnUnet,4 channels,WT_TC_ET_Regions,0.846580445766449,6.002911027233174
BraTS2021_01527,MEncodnnUnet,4 channels,WT_TC_ET_Regions,0.7032319903373718,12.052699769124539
BraTS2021_01161,MEncodnnUnet,4 channels,WT_TC_ET_Regions,0.9693917632102966,1.4120226591665965
BraTS2021_01182,MEncodnnUnet,4 channels,WT_TC_ET_Regions,0.6763787865638733,16.92359342805178
BraTS2021_01328,MEncodnnUnet,4 channels,WT_TC_ET_Regions,0.934791088104248,4.769935367833561
BraTS2021_00561,MEncodnnUnet,4 channels,WT_TC_ET_Regions,0.9734217524528503,1.0759391531016336
BraTS2021_01544,MEncodnnUnet,4 channels,WT_TC_ET_Regions,0.9534680843353271,2.38168397170053
BraTS2021_01455,MEncodnnUnet,4 channels,WT_TC_ET_Regions,0.9405630230903625,2.0808802290397614
BraTS2021_01543,MEncodnnUnet,4 channels,WT_TC_ET_Regions,0.9701778888702393,1.1380711874576983
BraTS2021_01171,MEncodnnUnet,4 channels,WT_TC_ET_Regions,0.9550871253013611,1.9621165057908916
BraTS2021_00211,MEncodnnUnet,4 channels,WT_TC_ET_Regions,0.9824296832084656,1.0
BraTS2021_01103,MEncodnnUnet,4 channels,WT_TC_ET_Regions,0.7207364439964294,7.5733483822231165
BraTS2021_01011,MEncodnnUnet,4 channels,WT_TC_ET_Regions,0.9666264057159424,1.0
BraTS2021_00756,MEncodnnUnet,4 channels,WT_TC_ET_Regions,0.9453384876251221,1.9428090415820634
BraTS2021_01615,MEncodnnUnet,4 channels,WT_TC_ET_Regions,0.9029784798622131,1.804737854124365
BraTS2021_01077,MEncodnnUnet,4 channels,WT_TC_ET_Regions,0.6785726547241211,18.114610845036413
BraTS2021_01120,MEncodnnUnet,4 channels,WT_TC_ET_Regions,0.9742186665534973,1.4831632475943926
BraTS2021_01577,MEncodnnUnet,4 channels,WT_TC_ET_Regions,0.9815977215766907,1.1380711874576983
BraTS2021_00491,MEncodnnUnet,4 channels,WT_TC_ET_Regions,0.938397228717804,1.7593056225097892
BraTS2021_01184,MEncodnnUnet,4 channels,WT_TC_ET_Regions,0.8682177066802979,4.023039322291596
BraTS2021_01048,MEncodnnUnet,4 channels,WT_TC_ET_Regions,0.9061511158943176,2.7792006943442886
BraTS2021_01305,MEncodnnUnet,4 channels,WT_TC_ET_Regions,0.9861971735954285,1.0
BraTS2021_00062,MEncodnnUnet,4 channels,WT_TC_ET_Regions,0.9622452259063721,16.228384922470063
BraTS2021_01047,MEncodnnUnet,4 channels,WT_TC_ET_Regions,0.8990438580513,2.2440169358562922
BraTS2021_01191,MEncodnnUnet,4 channels,WT_TC_ET_Regions,0.8991888165473938,2.47799280007006
BraTS2021_00286,MEncodnnUnet,4 channels,WT_TC_ET_Regions,0.8823490142822266,16.264965960719735
BraTS2021_00118,MEncodnnUnet,4 channels,WT_TC_ET_Regions,0.9764800667762756,1.1380711874576983
BraTS2021_00043,MEncodnnUnet,4 channels,WT_TC_ET_Regions,0.6824123859405518,12.942044175600481
BraTS2021_00593,MEncodnnUnet,4 channels,WT_TC_ET_Regions,0.9559388756752014,1.6666666666666667
BraTS2021_01023,MEncodnnUnet,4 channels,WT_TC_ET_Regions,0.9666638374328613,1.2761423749153966
BraTS2021_01560,MEncodnnUnet,4 channels,WT_TC_ET_Regions,0.8494909405708313,6.461258215398928
BraTS2021_00147,MEncodnnUnet,4 channels,WT_TC_ET_Regions,0.9403948187828064,1.6212344350520909
BraTS2021_00429,MEncodnnUnet,4 channels,WT_TC_ET_Regions,0.9565333724021912,1.6212344350520909
BraTS2021_00828,MEncodnnUnet,4 channels,WT_TC_ET_Regions,0.9064631462097168,3.5158141557676275
BraTS2021_00262,MEncodnnUnet,4 channels,WT_TC_ET_Regions,0.9501293301582336,1.3333333333333333
BraTS2021_00095,MEncodnnUnet,4 channels,WT_TC_ET_Regions,0.961298942565918,1.0
