0.320727 0.0394092 0.118276 0.0394092 0.193183 -0.180683 0.118276 -0.180683 0.891391
0.406693 -0.0195791 0.146009 -0.0195791 0.436479 -0.416473 0.146009 -0.416473 1.52631
0.614871 -0.0462354 0.0164019 -0.0462354 0.400643 -0.088485 0.0164019 -0.088485 1.06597
0.370209 -0.021132 -0.152177 -0.021132 0.578864 -0.396625 -0.152177 -0.396625 1.75624
0.395588 0.232986 -0.0250905 0.232986 0.384067 -0.00431223 -0.0250905 -0.00431223 0.933032
0.630678 0.00373026 0.0303342 0.00373026 0.221773 -0.0593298 0.0303342 -0.0593298 0.332166
1.74154 -0.0261838 -1.31256 -0.0261838 0.167459 0.0557624 -1.31256 0.0557624 2.66833
0.207069 0.0645641 -0.000505392 0.0645641 0.282912 -0.0177907 -0.000505392 -0.0177907 1.54113
0.609945 0.0720147 0.421931 0.0720147 0.244526 -0.0393252 0.421931 -0.0393252 1.26783
0.488219 -0.110152 0.278048 -0.110152 0.527345 -0.375538 0.278048 -0.375538 0.84001
0.46407 0.00751854 -0.175258 0.00751854 0.303645 0.0560307 -0.175258 0.0560307 1.37146
0.6991 -0.163456 0.930267 -0.163456 0.532714 -0.890016 0.930267 -0.890016 3.15847
1.33883 0.193908 -0.302677 0.193908 0.411819 -0.0736031 -0.302677 -0.0736031 0.493775
0.417764 0.289596 -0.0916542 0.289596 0.427772 -0.113826 -0.0916542 -0.113826 1.05483
0.41634 -0.0598293 0.170457 -0.0598293 0.371789 -0.0853067 0.170457 -0.0853067 0.614439
0.390625 0.0476002 -0.0362743 0.0476002 0.290098 -0.136603 -0.0362743 -0.136603 1.25164
0.527507 -0.000877006 0.398557 -0.000877006 0.34318 -0.133613 0.398557 -0.133613 0.642089
0.659396 -0.0258977 -0.174937 -0.0258977 0.183793 0.0943605 -0.174937 0.0943605 0.826847
2.08335 1.62015 -1.10136 1.62015 2.17544 -0.852487 -1.10136 -0.852487 1.34834
0.859988 0.297955 -0.214369 0.297955 0.349409 -0.241566 -0.214369 -0.241566 0.964283
0.206324 0.0449135 0.0403382 0.0449135 0.205212 -0.0479914 0.0403382 -0.0479914 0.324924
0.42307 0.187136 0.108505 0.187136 0.192389 -0.0331505 0.108505 -0.0331505 0.595591
0.243661 -0.0466349 -0.0444534 -0.0466349 0.18523 -0.00872797 -0.0444534 -0.00872797 0.625543
0.85522 0.264811 0.38775 0.264811 0.411613 0.132322 0.38775 0.132322 0.872535
0.996734 0.181488 0.390167 0.181488 0.313432 0.0435366 0.390167 0.0435366 1.0031
0.303676 -0.00699505 -0.0327432 -0.00699505 0.418043 -0.365423 -0.0327432 -0.365423 0.739445
0.284898 -0.0232771 -0.0275227 -0.0232771 0.327014 0.0806306 -0.0275227 0.0806306 0.621358
0.365226 -0.0589432 0.0156523 -0.0589432 0.308763 -0.0742761 0.0156523 -0.0742761 0.478419
0.408039 -0.0376501 -0.25782 -0.0376501 0.24712 0.0215618 -0.25782 0.0215618 0.812082
0.328237 -0.0756384 -0.111133 -0.0756384 0.255916 0.0349998 -0.111133 0.0349998 0.641773
0.653989 0.0772079 0.0853068 0.0772079 0.17432 -0.0233405 0.0853068 -0.0233405 0.504012
0.68527 -0.29398 -0.530793 -0.29398 0.438194 0.313346 -0.530793 0.313346 0.898607
0.30752 0.0190373 0.0470261 0.0190373 0.224245 -0.0224343 0.0470261 -0.0224343 0.387386
0.602999 -0.09436 0.22132 -0.09436 0.718914 0.204012 0.22132 0.204012 1.23912
0.407434 -0.0562749 0.0424344 -0.0562749 0.226404 -0.216375 0.0424344 -0.216375 0.743056
0.67615 0.0245633 0.126484 0.0245633 0.369228 -0.195405 0.126484 -0.195405 0.891749
0.447234 0.019166 0.202791 0.019166 0.334841 -0.0438499 0.202791 -0.0438499 0.621064
0.400397 0.0306043 -0.0218165 0.0306043 0.269839 -0.0836125 -0.0218165 -0.0836125 1.00796
0.22396 -0.0374379 -0.0154384 -0.0374379 0.161795 0.0128977 -0.0154384 0.0128977 0.342871
0.850899 0.0672472 -0.594534 0.0672472 0.291001 -0.203425 -0.594534 -0.203425 1.46877
0.448019 0.0600973 0.0260626 0.0600973 0.465308 -0.11879 0.0260626 -0.11879 0.543334
0.658257 0.410731 0.445066 0.410731 0.760786 0.37304 0.445066 0.37304 1.54356
0.604502 0.0538733 0.257583 0.0538733 0.176225 -0.0147109 0.257583 -0.0147109 1.1564
0.503237 0.0553538 0.262211 0.0553538 0.208179 -0.0367584 0.262211 -0.0367584 1.50215
0.549828 0.00871682 0.493317 0.00871682 0.604357 0.110969 0.493317 0.110969 1.03114
0.395285 0.0135835 -0.146535 0.0135835 0.242391 -0.2814 -0.146535 -0.2814 1.5053
0.427015 0.124551 -0.0460613 0.124551 0.498457 0.324948 -0.0460613 0.324948 0.950589
0.248085 0.058268 0.0982361 0.058268 0.166698 0.0394303 0.0982361 0.0394303 0.47906
0.253696 -0.0498886 0.114258 -0.0498886 0.922265 -0.663231 0.114258 -0.663231 0.793798
0.417463 -0.0260859 0.134376 -0.0260859 0.232393 -0.0130935 0.134376 -0.0130935 0.684415
0.718802 0.285864 -0.525815 0.285864 0.754428 -0.499222 -0.525815 -0.499222 1.15223
0.454718 -0.119782 -0.060927 -0.119782 0.362132 0.0362779 -0.060927 0.0362779 0.772953
0.548415 0.0773731 -0.0693408 0.0773731 0.242224 0.0435791 -0.0693408 0.0435791 1.4127
0.445339 0.187684 0.159169 0.187684 0.708131 0.228583 0.159169 0.228583 2.551
0.574576 0.226137 0.0439875 0.226137 0.583299 -0.0477376 0.0439875 -0.0477376 0.806353
0.892898 -0.116237 0.0894791 -0.116237 0.407981 0.104536 0.0894791 0.104536 0.617492
0.950041 0.151469 0.0293689 0.151469 0.1848 -0.0858924 0.0293689 -0.0858924 0.724259
0.559995 0.0979496 0.193213 0.0979496 0.273492 0.0895618 0.193213 0.0895618 1.09478
1.18328 0.308514 0.181045 0.308514 0.281511 -0.148907 0.181045 -0.148907 0.788061
0.599377 -0.223369 0.24176 -0.223369 0.399261 -0.217442 0.24176 -0.217442 0.718034
0.422096 0.113544 0.0492702 0.113544 0.292988 -0.159241 0.0492702 -0.159241 0.653969
0.31477 -0.00697711 -0.628811 -0.00697711 0.321136 0.060864 -0.628811 0.060864 3.45533
0.291656 0.00294455 0.184259 0.00294455 0.241643 0.146183 0.184259 0.146183 0.780919
0.256783 0.00637823 0.00511058 0.00637823 0.204281 0.0594478 0.00511058 0.0594478 0.933672
0.276792 0.127522 0.148942 0.127522 0.337652 -0.0684541 0.148942 -0.0684541 0.62033
0.502666 -0.0690663 0.163777 -0.0690663 0.594448 -0.112488 0.163777 -0.112488 0.677356
0.60629 0.581134 0.194165 0.581134 1.6425 0.0696461 0.194165 0.0696461 1.32007
0.52269 0.167939 0.0504546 0.167939 0.405334 -0.0308062 0.0504546 -0.0308062 0.718479
0.446773 0.147233 0.157078 0.147233 0.208203 0.0929054 0.157078 0.0929054 0.674736
1.48317 0.826428 0.171921 0.826428 0.842845 0.125357 0.171921 0.125357 0.482955
0.335293 -0.00761688 -0.0665751 -0.00761688 0.338366 -0.0127349 -0.0665751 -0.0127349 0.746908
0.849401 -0.0499525 0.710488 -0.0499525 0.224919 -0.135473 0.710488 -0.135473 2.08476
0.493868 -0.0748977 0.296879 -0.0748977 0.364865 -0.0593938 0.296879 -0.0593938 0.913074
0.808274 -0.0214792 -0.0214632 -0.0214792 0.250658 -0.0272866 -0.0214632 -0.0272866 1.3035
0.356772 0.0178046 0.0666477 0.0178046 0.367202 -0.261528 0.0666477 -0.261528 1.00161
0.290816 0.0581454 -0.00682455 0.0581454 0.330991 -0.150612 -0.00682455 -0.150612 0.668801
0.389384 -0.0233661 0.0621941 -0.0233661 0.397021 0.0669471 0.0621941 0.0669471 0.686935
0.743563 0.0455933 0.316611 0.0455933 0.138242 -0.0393008 0.316611 -0.0393008 0.852119
0.381234 -0.0770102 0.0472436 -0.0770102 0.247852 0.0687725 0.0472436 0.0687725 0.588931
0.660905 -0.0866553 0.180254 -0.0866553 0.383625 0.0200697 0.180254 0.0200697 0.571925
0.336711 0.0107609 0.167201 0.0107609 0.27148 0.170692 0.167201 0.170692 5.84039
0.298609 0.00203997 0.0478276 0.00203997 0.307472 -0.251099 0.0478276 -0.251099 0.546154
0.321975 -0.100015 0.141299 -0.100015 0.627095 -0.708939 0.141299 -0.708939 1.54937
0.264531 0.0508095 0.117232 0.0508095 0.163049 -0.0718936 0.117232 -0.0718936 0.574895
0.519914 0.30075 -0.366677 0.30075 0.470045 -0.439385 -0.366677 -0.439385 1.03318
0.303451 -0.0993398 0.124215 -0.0993398 0.26727 -0.0396679 0.124215 -0.0396679 0.529276
0.401251 -0.00636594 0.0131595 -0.00636594 0.253328 -0.00799751 0.0131595 -0.00799751 0.52155
0.221996 0.0644435 -0.00109619 0.0644435 0.296432 0.134197 -0.00109619 0.134197 0.525654
0.532629 -0.208476 0.151382 -0.208476 0.429974 -0.0311167 0.151382 -0.0311167 1.12254
0.315584 -0.00317866 0.111873 -0.00317866 0.424837 -0.106281 0.111873 -0.106281 0.948065
0.803163 0.171881 -0.0779402 0.171881 0.305829 -0.321515 -0.0779402 -0.321515 2.882
2.81019 -1.10333 -2.55195 -1.10333 0.792266 1.18121 -2.55195 1.18121 3.32744
0.390205 0.147889 -0.102519 0.147889 0.343077 -0.214957 -0.102519 -0.214957 0.60351
0.874806 0.0656887 -0.843966 0.0656887 0.464951 0.245532 -0.843966 0.245532 2.00002
0.540652 0.112682 -0.119957 0.112682 0.486633 -0.0953577 -0.119957 -0.0953577 0.429446
1.04268 -0.601327 0.839885 -0.601327 1.0134 -0.760933 0.839885 -0.760933 1.22862
0.481876 -0.111307 -0.325042 -0.111307 0.319988 0.201828 -0.325042 0.201828 0.854126
0.257266 0.0543466 0.00782283 0.0543466 0.187602 -0.102172 0.00782283 -0.102172 0.580435
0.423912 0.0576717 0.0712578 0.0576717 0.247609 0.0308037 0.0712578 0.0308037 0.397038
0.258167 0.00170249 -0.177516 0.00170249 0.220044 -0.171192 -0.177516 -0.171192 1.02495
1.12441 -0.0429149 0.380459 -0.0429149 0.258105 -0.0664786 0.380459 -0.0664786 0.972655
0.536434 0.0484602 0.171632 0.0484602 0.766319 -0.194368 0.171632 -0.194368 0.664153
0.368256 -0.0346555 -0.0292316 -0.0346555 0.274109 -0.0693446 -0.0292316 -0.0693446 0.446853
0.535465 0.290654 -0.485583 0.290654 0.591392 -0.763986 -0.485583 -0.763986 2.97016
1.00537 -0.624662 -0.028614 -0.624662 0.646739 -0.0717883 -0.028614 -0.0717883 0.665876
0.505576 0.0347509 0.0368904 0.0347509 0.189297 -0.114106 0.0368904 -0.114106 0.72097
0.89958 -0.00884559 0.211137 -0.00884559 0.416647 -0.64636 0.211137 -0.64636 2.39952
0.453519 0.219061 -0.128175 0.219061 0.578823 -0.407106 -0.128175 -0.407106 1.08686
0.539745 0.0991841 -0.0424616 0.0991841 0.509699 -0.224882 -0.0424616 -0.224882 0.9035
0.933176 0.0609732 -0.0120109 0.0609732 0.411951 -0.104231 -0.0120109 -0.104231 0.555771
0.514124 -0.0184356 0.174364 -0.0184356 1.03416 0.410779 0.174364 0.410779 1.34756
0.519623 -0.0457181 -0.270304 -0.0457181 0.450008 0.0369703 -0.270304 0.0369703 0.635489
1.12654 -0.200363 -0.0998137 -0.200363 0.408018 -0.0280734 -0.0998137 -0.0280734 0.684788
0.503105 0.108825 0.125718 0.108825 0.451459 -0.266161 0.125718 -0.266161 0.833835
0.332171 0.0702307 0.104952 0.0702307 0.269176 -0.297759 0.104952 -0.297759 2.05819
0.926208 0.0147511 -0.109373 0.0147511 0.350316 -0.214548 -0.109373 -0.214548 0.856599
0.809371 -0.363807 -0.0817174 -0.363807 0.378398 -0.00728263 -0.0817174 -0.00728263 0.931061
0.57583 0.0953378 0.113265 0.0953378 0.635217 -0.316195 0.113265 -0.316195 1.10917
0.340662 -0.0610806 0.138755 -0.0610806 0.209034 -0.101873 0.138755 -0.101873 1.0433
0.780897 0.139187 -0.2612 0.139187 0.244125 -0.0277651 -0.2612 -0.0277651 0.664418
1.23826 0.297055 -0.0350007 0.297055 0.358909 0.0714829 -0.0350007 0.0714829 1.16976
0.668354 0.435794 0.628414 0.435794 0.819509 0.375578 0.628414 0.375578 2.10845
0.756038 0.0480707 0.539583 0.0480707 0.189213 -0.0685498 0.539583 -0.0685498 1.33266
0.378413 -0.0161753 0.0332626 -0.0161753 0.206983 -0.191732 0.0332626 -0.191732 1.41171
1.9627 -0.214586 0.180581 -0.214586 0.217395 0.119761 0.180581 0.119761 0.6827
0.306133 0.0253974 0.14909 0.0253974 0.213277 0.135668 0.14909 0.135668 1.1679
0.423028 0.108884 -0.0382222 0.108884 0.447918 -0.0494946 -0.0382222 -0.0494946 0.552304
0.539131 0.162486 0.286402 0.162486 0.347881 -0.0211635 0.286402 -0.0211635 0.854971
1.25754 -0.581657 0.71265 -0.581657 1.05011 -0.619467 0.71265 -0.619467 1.82516
0.503235 0.00864217 0.366976 0.00864217 0.210215 -0.11439 0.366976 -0.11439 1.19729
0.536037 0.108318 0.361948 0.108318 0.399069 -0.283575 0.361948 -0.283575 1.68433
0.520323 0.0904392 -0.0190371 0.0904392 0.25017 -0.0199207 -0.0190371 -0.0199207 0.430166
0.224791 0.152725 0.0142787 0.152725 0.551995 -0.289358 0.0142787 -0.289358 1.22407
0.605651 -0.0249138 0.021201 -0.0249138 0.276651 0.157254 0.021201 0.157254 0.494166
0.69707 0.0570502 0.00661863 0.0570502 0.572505 -0.539527 0.00661863 -0.539527 1.17082
0.707519 -0.0213278 0.13643 -0.0213278 0.300574 -0.263117 0.13643 -0.263117 1.0564
0.311384 0.0166196 0.184414 0.0166196 0.333832 -0.0577723 0.184414 -0.0577723 0.522614
0.689056 0.0567839 0.269568 0.0567839 0.351838 -0.115367 0.269568 -0.115367 0.639917
0.48159 0.0448638 -0.353275 0.0448638 0.332274 -0.265896 -0.353275 -0.265896 1.14161
0.702013 -0.124532 0.208414 -0.124532 0.486714 -0.0025683 0.208414 -0.0025683 0.625581
0.812573 -0.100077 0.103505 -0.100077 0.412189 -0.10401 0.103505 -0.10401 0.898231
1.00655 -0.140213 -0.0945382 -0.140213 0.363435 0.314565 -0.0945382 0.314565 1.67576
0.210937 0.03555 0.107243 0.03555 0.36878 0.202834 0.107243 0.202834 0.940732
0.2847 -0.115383 0.130184 -0.115383 0.256619 -0.235043 0.130184 -0.235043 0.662234
0.332 -0.0535629 0.180825 -0.0535629 0.2287 -0.0846899 0.180825 -0.0846899 0.490534
0.543462 0.143137 -0.0461589 0.143137 0.348509 0.0964912 -0.0461589 0.0964912 0.638995
0.369738 -0.0726585 -0.25695 -0.0726585 0.345274 0.271961 -0.25695 0.271961 0.795826
0.891395 -0.0490291 0.612338 -0.0490291 0.408241 -0.124233 0.612338 -0.124233 0.848519
0.373042 0.238846 -0.057547 0.238846 0.603673 -0.226938 -0.057547 -0.226938 0.73021
0.671003 -0.0334825 0.403342 -0.0334825 0.210149 0.00725325 0.403342 0.00725325 1.52159
0.716533 0.134736 0.189009 0.134736 0.182801 0.0459127 0.189009 0.0459127 1.03932
0.624958 0.0843683 0.0232642 0.0843683 0.266187 -0.19416 0.0232642 -0.19416 0.505029
0.264513 0.0230009 0.00434005 0.0230009 0.192444 -0.0647572 0.00434005 -0.0647572 0.463047
0.583288 -0.017072 -0.401323 -0.017072 0.457828 0.0855941 -0.401323 0.0855941 1.22533
1.01892 0.223241 0.282561 0.223241 0.543707 0.0296833 0.282561 0.0296833 0.509074
0.808781 0.119518 -0.113648 0.119518 0.224978 -0.160846 -0.113648 -0.160846 0.700362
0.282953 0.0228567 0.0367505 0.0228567 0.282602 -0.0108375 0.0367505 -0.0108375 0.786885
0.421893 0.0176509 0.0858547 0.0176509 0.513776 -0.432012 0.0858547 -0.432012 1.41764
2.11979 0.451986 0.768752 0.451986 0.35343 0.0323382 0.768752 0.0323382 1.02517
0.629793 0.206264 0.105417 0.206264 0.323233 -0.0834211 0.105417 -0.0834211 0.576135
0.368465 0.101513 0.247331 0.101513 0.351977 0.00675299 0.247331 0.00675299 0.540581
0.683391 0.184166 -0.0501707 0.184166 0.281309 -0.0175845 -0.0501707 -0.0175845 0.60419
0.570576 0.175802 -0.224623 0.175802 0.200805 -0.126864 -0.224623 -0.126864 0.765599
0.518513 0.0406506 0.216375 0.0406506 0.121276 0.00804012 0.216375 0.00804012 0.691121
0.470842 0.168727 0.144752 0.168727 0.472904 -0.0284412 0.144752 -0.0284412 0.544183
0.277146 0.103242 0.0387732 0.103242 0.5276 -0.0716287 0.0387732 -0.0716287 0.910377
0.542987 -0.0331361 -0.0283574 -0.0331361 0.556613 -0.172507 -0.0283574 -0.172507 0.546348
0.379887 0.216843 0.0715901 0.216843 0.908294 0.541897 0.0715901 0.541897 1.93307
0.976195 -0.00465641 1.22658 -0.00465641 0.150987 0.0225722 1.22658 0.0225722 2.56775
1.05775 -0.240892 0.504649 -0.240892 0.411373 -0.214988 0.504649 -0.214988 0.750269
0.658455 0.0151713 0.0394221 0.0151713 0.236614 -0.0957691 0.0394221 -0.0957691 0.481482
0.611547 -0.163706 0.253263 -0.163706 0.375952 -0.0665373 0.253263 -0.0665373 0.722175
0.244381 -0.00110593 0.0932682 -0.00110593 0.308595 -0.145221 0.0932682 -0.145221 0.510455
0.587381 0.154222 -0.352885 0.154222 0.435457 -0.333862 -0.352885 -0.333862 1.81077
0.629956 0.0087877 -0.0367504 0.0087877 0.533579 -0.541747 -0.0367504 -0.541747 1.13566
0.441328 0.0766814 -0.299008 0.0766814 0.155225 -0.0675587 -0.299008 -0.0675587 0.909297
0.710466 -0.0462532 -0.103251 -0.0462532 0.306888 0.0970163 -0.103251 0.0970163 0.732934
1.60823 0.183838 -0.461602 0.183838 0.490939 -0.790806 -0.461602 -0.790806 2.1359
0.232328 0.0323133 0.0939402 0.0323133 0.452614 -0.162229 0.0939402 -0.162229 0.929067
0.326916 0.125936 0.205809 0.125936 0.329618 0.0647512 0.205809 0.0647512 0.876014
1.06335 -0.171587 -0.265034 -0.171587 0.236059 -0.00469913 -0.265034 -0.00469913 0.561093
0.597005 0.0189512 0.334035 0.0189512 0.276639 0.0540259 0.334035 0.0540259 0.866234
0.509929 0.138643 0.187849 0.138643 0.362727 0.0841064 0.187849 0.0841064 0.555692
0.368738 -0.0958881 0.0801143 -0.0958881 0.50419 0.0940902 0.0801143 0.0940902 0.524223
0.681339 -0.0159646 0.0446855 -0.0159646 0.190714 -0.03779 0.0446855 -0.03779 0.53674
0.353993 -0.0315355 0.127473 -0.0315355 0.642549 -0.403537 0.127473 -0.403537 0.976419
3.53109 -0.112428 -0.508033 -0.112428 0.288096 -0.0425885 -0.508033 -0.0425885 1.0024
0.513658 0.0786826 0.457972 0.0786826 0.314082 -0.0395591 0.457972 -0.0395591 1.46447
0.37477 0.092271 -0.13001 0.092271 0.499689 -0.373961 -0.13001 -0.373961 2.64133
0.789795 0.121367 -0.0660187 0.121367 0.24196 -0.147777 -0.0660187 -0.147777 0.772411
0.584584 -0.0130006 0.450131 -0.0130006 0.258049 -0.321113 0.450131 -0.321113 1.32262
0.938061 -0.07284 0.645921 -0.07284 0.17223 -0.214648 0.645921 -0.214648 1.95727
0.604121 -0.0186271 -0.0894456 -0.0186271 0.458753 0.0491215 -0.0894456 0.0491215 1.18057
0.556889 0.000994407 -0.178307 0.000994407 0.195253 -0.0508979 -0.178307 -0.0508979 0.573538
0.754009 -0.0779571 0.200984 -0.0779571 0.202116 0.0690312 0.200984 0.0690312 0.499109
0.364368 -0.0155178 0.254042 -0.0155178 0.248566 -0.116674 0.254042 -0.116674 0.998232
1.06666 -0.373193 0.354788 -0.373193 0.602492 0.0236288 0.354788 0.0236288 0.679291
0.293495 0.0132127 0.110783 0.0132127 0.202577 -0.0780191 0.110783 -0.0780191 0.992829
0.344827 0.0515624 0.0400516 0.0515624 0.190533 -0.00575187 0.0400516 -0.00575187 0.46297
0.593973 0.171308 -0.0284952 0.171308 0.520481 -0.154568 -0.0284952 -0.154568 0.816294
0.317814 0.0762962 -0.128634 0.0762962 0.510822 -0.201716 -0.128634 -0.201716 0.658374
1.15739 -0.360173 -0.772351 -0.360173 0.52219 0.380967 -0.772351 0.380967 1.50381
0.454565 0.15028 -0.168743 0.15028 0.327805 -0.0314652 -0.168743 -0.0314652 1.01863
0.327598 -0.0398454 0.232923 -0.0398454 0.274928 -0.20036 0.232923 -0.20036 1.07943
0.850436 0.0825249 0.277754 0.0825249 0.27617 -0.204112 0.277754 -0.204112 1.18232
0.27746 0.0345102 0.0536365 0.0345102 0.203723 -0.0178915 0.0536365 -0.0178915 0.594984
0.575893 0.15757 0.414257 0.15757 0.318763 0.150093 0.414257 0.150093 1.37337
0.950696 0.139508 -0.200305 0.139508 0.24012 -0.109623 -0.200305 -0.109623 0.513846
0.589483 -0.129012 0.518829 -0.129012 0.336417 -0.394426 0.518829 -0.394426 1.73464
1.61362 0.593538 -0.666839 0.593538 0.780857 -0.544608 -0.666839 -0.544608 0.914455
0.423758 0.100227 0.144284 0.100227 0.660974 -0.0681422 0.144284 -0.0681422 0.488734
0.369627 0.00359371 0.184257 0.00359371 0.226143 -0.101159 0.184257 -0.101159 0.788279
0.361033 -0.116832 0.101619 -0.116832 0.334433 -0.0849383 0.101619 -0.0849383 0.720634
0.589442 0.110781 -0.195847 0.110781 0.248893 0.0313724 -0.195847 0.0313724 0.576854
0.386871 -0.121517 -0.000373581 -0.121517 0.360057 0.146376 -0.000373581 0.146376 0.401333
0.4297 0.0268041 0.223247 0.0268041 0.217269 -0.241618 0.223247 -0.241618 1.20124
1.02987 0.522613 0.210941 0.522613 0.494476 -0.0533914 0.210941 -0.0533914 1.03722
0.558469 0.080612 -0.42095 0.080612 0.212325 -0.160081 -0.42095 -0.160081 1.24866
0.663057 -0.110334 0.143564 -0.110334 0.38435 -0.135312 0.143564 -0.135312 1.10546
0.546224 0.0972549 0.164721 0.0972549 0.2206 -0.0780249 0.164721 -0.0780249 1.08071
0.611481 0.215251 -0.399361 0.215251 0.343587 -0.4482 -0.399361 -0.4482 1.4401
0.650667 0.29819 -0.173328 0.29819 0.38894 -0.35188 -0.173328 -0.35188 1.40428
0.272979 -0.0627677 0.0369958 -0.0627677 0.302575 -0.0395683 0.0369958 -0.0395683 0.669001
0.572836 -0.205465 0.161523 -0.205465 0.489547 -0.170414 0.161523 -0.170414 0.642995
0.362633 0.0683231 0.00449498 0.0683231 0.300759 -0.119354 0.00449498 -0.119354 0.541572
0.438465 -0.0103138 0.0371803 -0.0103138 0.190273 -0.00627625 0.0371803 -0.00627625 0.555033
0.955363 0.364976 -0.329505 0.364976 0.466985 -0.271595 -0.329505 -0.271595 0.941881
0.524024 0.117777 0.0244172 0.117777 0.321883 0.0751008 0.0244172 0.0751008 1.05551
0.591333 -0.172619 0.171644 -0.172619 0.253587 -0.130618 0.171644 -0.130618 1.0076
0.602371 0.355199 0.182523 0.355199 0.602742 0.0866132 0.182523 0.0866132 0.622118
0.318007 -0.0769255 0.381896 -0.0769255 0.683926 -0.123288 0.381896 -0.123288 1.57038
0.421321 -0.0553867 0.428825 -0.0553867 0.418285 -0.522965 0.428825 -0.522965 1.60656
0.358843 -0.0276278 0.217165 -0.0276278 0.531703 -0.0182081 0.217165 -0.0182081 0.750102
0.440888 -0.000920107 0.151298 -0.000920107 0.27414 -0.252051 0.151298 -0.252051 0.737138
0.342908 0.0449991 0.0707403 0.0449991 0.163172 0.0369962 0.0707403 0.0369962 0.419259
0.419473 0.123712 0.160314 0.123712 0.331793 -0.142148 0.160314 -0.142148 0.65545
0.487353 -0.0857053 0.304025 -0.0857053 0.448229 -0.495185 0.304025 -0.495185 1.37243
0.548467 0.133401 -0.0634183 0.133401 0.334743 -0.183995 -0.0634183 -0.183995 0.906297
0.445371 0.166902 -0.0710847 0.166902 0.592915 -0.226149 -0.0710847 -0.226149 1.01225
0.568969 0.474206 0.306255 0.474206 0.868643 0.0331666 0.306255 0.0331666 1.10724
0.646849 0.180559 0.609114 0.180559 0.547923 0.112786 0.609114 0.112786 1.07042
0.316311 0.100791 0.343937 0.100791 0.316364 0.287693 0.343937 0.287693 1.17319
0.413901 0.0497427 0.416438 0.0497427 0.306342 -0.0558988 0.416438 -0.0558988 1.88236
0.488957 0.168985 -0.15658 0.168985 0.267353 -0.077286 -0.15658 -0.077286 0.623058
0.929299 0.340224 1.05916 0.340224 0.41921 0.480088 1.05916 0.480088 3.14806
0.514511 -0.0501115 0.0074345 -0.0501115 0.28781 -0.124984 0.0074345 -0.124984 1.09841
0.392709 0.131097 -0.0267307 0.131097 0.520814 -0.182712 -0.0267307 -0.182712 0.43337
0.461541 0.0122452 0.30706 0.0122452 0.208243 -0.07661 0.30706 -0.07661 1.05585
0.785104 0.00936269 -0.0873941 0.00936269 0.186787 0.0495743 -0.0873941 0.0495743 0.615333
0.393781 0.0324003 0.165524 0.0324003 0.236728 0.00870803 0.165524 0.00870803 0.44879
0.423942 -0.0959436 0.155191 -0.0959436 0.221167 -0.149788 0.155191 -0.149788 1.54946
0.561598 0.127599 0.246766 0.127599 0.388056 -0.0721974 0.246766 -0.0721974 1.28165
0.605958 0.0190012 -0.223429 0.0190012 0.22396 -0.0225559 -0.223429 -0.0225559 0.489299
0.543029 0.0274887 -0.120983 0.0274887 0.381025 0.169236 -0.120983 0.169236 0.533217
0.488901 0.18177 0.126257 0.18177 0.624483 -0.213226 0.126257 -0.213226 0.55872
0.370607 -0.0293501 0.0960807 -0.0293501 0.304853 0.0739881 0.0960807 0.0739881 1.02817
0.783557 0.0603694 0.320931 0.0603694 0.349883 -0.0302227 0.320931 -0.0302227 1.04697
1.49265 0.0112909 -0.00254412 0.0112909 0.313962 0.0126606 -0.00254412 0.0126606 0.586406
0.416722 0.0649138 0.231749 0.0649138 0.250776 -0.194109 0.231749 -0.194109 1.23719
0.262118 -0.0540159 0.10137 -0.0540159 0.391785 0.0138687 0.10137 0.0138687 0.801698
0.448649 0.0556809 0.281193 0.0556809 0.226794 0.0208454 0.281193 0.0208454 0.908426
0.22592 -0.0584569 0.0395952 -0.0584569 0.371734 0.0239159 0.0395952 0.0239159 0.821888
0.3276 -0.0383559 0.0861976 -0.0383559 0.388864 -0.162812 0.0861976 -0.162812 0.977431
0.3435 0.0381067 0.233687 0.0381067 0.158289 0.0689967 0.233687 0.0689967 0.870963
0.382823 0.00682604 0.14764 0.00682604 0.217102 -0.0373084 0.14764 -0.0373084 0.904858
0.308124 0.0470248 -0.0816168 0.0470248 0.316932 -0.205028 -0.0816168 -0.205028 0.865341
0.196828 -0.050987 0.0768971 -0.050987 0.209877 -0.169069 0.0768971 -0.169069 0.804505
0.335211 0.132573 0.112482 0.132573 0.242266 -0.0569383 0.112482 -0.0569383 0.529322
0.46734 0.0161815 0.180194 0.0161815 0.277517 -0.229958 0.180194 -0.229958 0.740945
1.11315 -0.020941 -0.493556 -0.020941 0.323192 0.0475998 -0.493556 0.0475998 0.991924
0.902304 -0.312643 0.443002 -0.312643 0.317944 -0.222186 0.443002 -0.222186 1.50942
0.378904 0.0913503 -0.0118676 0.0913503 0.345084 0.00556536 -0.0118676 0.00556536 0.794741
0.321907 0.00194894 0.0272738 0.00194894 0.182777 -0.0460235 0.0272738 -0.0460235 0.958404
0.576773 -0.0228678 0.253944 -0.0228678 0.281454 -0.243288 0.253944 -0.243288 0.762435
0.205141 -0.0182356 0.174713 -0.0182356 0.292194 -0.20323 0.174713 -0.20323 1.18432
0.891017 0.220695 0.303107 0.220695 0.707588 0.444645 0.303107 0.444645 0.980987
0.688052 -0.00888934 0.363061 -0.00888934 0.567916 -0.436388 0.363061 -0.436388 1.09194
0.527132 0.174521 0.0983392 0.174521 0.725808 -0.269614 0.0983392 -0.269614 0.575208
0.468369 -0.0230879 0.00110553 -0.0230879 0.222873 0.269368 0.00110553 0.269368 1.0918
0.376158 -0.0671457 0.31531 -0.0671457 0.823228 -1.06702 0.31531 -1.06702 2.03836
0.739353 0.102877 0.0621936 0.102877 0.341234 0.102996 0.0621936 0.102996 0.665653
0.435819 0.363276 -0.0712571 0.363276 0.648615 -0.175794 -0.0712571 -0.175794 0.557478
0.400473 -0.120704 0.104851 -0.120704 0.443314 -0.11109 0.104851 -0.11109 0.609239
0.460966 0.0706665 0.148891 0.0706665 0.221443 -0.0173833 0.148891 -0.0173833 0.37406
1.01991 0.210622 0.481936 0.210622 0.538304 0.599699 0.481936 0.599699 2.33286
0.386492 -0.025399 0.0113471 -0.025399 0.197761 -0.137384 0.0113471 -0.137384 0.656001
0.50282 -0.0668298 -0.100343 -0.0668298 0.33771 -0.220788 -0.100343 -0.220788 0.969781
0.378262 0.117345 0.13499 0.117345 0.226506 0.044614 0.13499 0.044614 0.843821
0.746989 0.09989 -0.436869 0.09989 0.487033 -0.337243 -0.436869 -0.337243 1.5567
0.282044 0.12044 -0.0578122 0.12044 0.393162 -0.170939 -0.0578122 -0.170939 0.52535
0.434974 -0.0288713 -0.225543 -0.0288713 0.286623 -0.203677 -0.225543 -0.203677 1.75618
0.872482 0.134283 0.0337646 0.134283 0.428074 0.0121448 0.0337646 0.0121448 0.62123
0.787649 0.0626493 0.14496 0.0626493 0.479199 -0.153693 0.14496 -0.153693 1.00272
0.716343 -0.0345518 -0.0190342 -0.0345518 0.269431 -0.0386002 -0.0190342 -0.0386002 0.589719
0.379964 0.149123 0.0209657 0.149123 0.380557 0.000106484 0.0209657 0.000106484 0.390661
0.526118 -0.0602463 -0.00965195 -0.0602463 0.281882 -0.118224 -0.00965195 -0.118224 1.10538
0.390675 0.0594898 0.163821 0.0594898 0.25549 -0.134285 0.163821 -0.134285 1.03321
0.358879 -0.0224569 0.0703958 -0.0224569 0.204522 -0.0252543 0.0703958 -0.0252543 0.564234
0.312054 0.0491693 0.0759233 0.0491693 0.213947 -0.0183766 0.0759233 -0.0183766 0.609829
0.217879 -0.017115 0.0285764 -0.017115 0.214971 -0.10182 0.0285764 -0.10182 0.667544
0.199612 0.0373956 -0.000170203 0.0373956 0.413645 -0.00145792 -0.000170203 -0.00145792 0.690885
0.397651 -0.0712894 0.0270575 -0.0712894 0.372344 -0.230974 0.0270575 -0.230974 0.779536
0.386043 0.0170529 0.15911 0.0170529 0.201359 0.00177151 0.15911 0.00177151 0.557081
0.694816 0.531083 0.407375 0.531083 1.13646 0.470779 0.407375 0.470779 1.06659
0.532345 -0.0683072 0.122099 -0.0683072 0.27897 -0.137165 0.122099 -0.137165 0.414569
0.484293 0.126741 0.0807984 0.126741 0.57918 -0.070915 0.0807984 -0.070915 0.430137
0.59395 0.0305452 0.247913 0.0305452 0.360751 -0.23076 0.247913 -0.23076 1.35613
0.588727 0.0249376 0.686234 0.0249376 0.222369 0.0176598 0.686234 0.0176598 1.58454
0.598006 -0.0950897 0.225327 -0.0950897 0.315831 -0.126984 0.225327 -0.126984 0.607778
0.357085 -0.0453292 0.127218 -0.0453292 0.327131 -0.223134 0.127218 -0.223134 0.661513
0.427873 -0.00663427 -0.203101 -0.00663427 0.229206 0.0733841 -0.203101 0.0733841 0.901991
0.423773 -0.0948522 -0.114644 -0.0948522 0.218567 0.10144 -0.114644 0.10144 0.660497
0.324117 -0.0100787 -0.231128 -0.0100787 0.667455 0.316771 -0.231128 0.316771 1.13162
0.833094 0.2246 0.57881 0.2246 0.361484 0.0555829 0.57881 0.0555829 0.972715
1.18289 -0.267148 -0.0443162 -0.267148 0.869723 -0.140615 -0.0443162 -0.140615 0.892024
0.616082 -0.0121655 -0.0359718 -0.0121655 0.664398 0.822471 -0.0359718 0.822471 1.74682
0.68653 0.171737 0.552154 0.171737 0.343607 0.108706 0.552154 0.108706 0.919359
0.366863 0.200283 -0.0350998 0.200283 0.338266 -0.140699 -0.0350998 -0.140699 0.957428
0.505269 0.175721 0.0532968 0.175721 0.307834 -0.124077 0.0532968 -0.124077 0.718832
0.734975 -0.100079 0.568134 -0.100079 0.331865 -0.208217 0.568134 -0.208217 1.49673
0.783996 0.20579 0.016821 0.20579 0.39488 -0.184202 0.016821 -0.184202 0.395875
0.622395 0.488651 -0.147672 0.488651 0.676225 -0.288398 -0.147672 -0.288398 0.821123
0.958876 0.23207 0.74303 0.23207 0.433173 -0.0965314 0.74303 -0.0965314 1.3275
0.321087 0.0558201 0.0273308 0.0558201 0.382801 0.0710673 0.0273308 0.0710673 0.630926
0.520484 0.0100353 0.234152 0.0100353 0.292047 -0.0312774 0.234152 -0.0312774 0.762006
0.377393 0.0860599 -0.236808 0.0860599 0.35273 -0.135915 -0.236808 -0.135915 0.893915
0.67574 -0.326266 0.50786 -0.326266 0.718323 -0.404823 0.50786 -0.404823 2.16502
0.464082 -0.210235 0.147201 -0.210235 0.364635 -0.0164481 0.147201 -0.0164481 1.25865
0.363386 0.111848 0.21077 0.111848 0.203641 -0.0993422 0.21077 -0.0993422 0.930534
0.46712 -0.0807023 -0.0741165 -0.0807023 0.36929 0.0540177 -0.0741165 0.0540177 0.741599
0.548169 0.19993 0.153188 0.19993 0.727933 -0.0298037 0.153188 -0.0298037 0.911662
0.428577 0.176602 0.277312 0.176602 0.783527 0.418304 0.277312 0.418304 1.00578
0.196851 0.0231889 0.0112944 0.0231889 0.295533 -0.145617 0.0112944 -0.145617 0.682892
0.40252 -0.0307434 0.148454 -0.0307434 0.370968 -0.0189601 0.148454 -0.0189601 0.587563
0.280326 0.0114054 0.0197147 0.0114054 0.230395 -0.102553 0.0197147 -0.102553 0.574908
0.598745 0.1191 0.323848 0.1191 0.440042 0.128599 0.323848 0.128599 0.732655
0.280675 0.07378 0.103109 0.07378 0.44579 0.0936599 0.103109 0.0936599 0.516035
0.497661 -0.0509386 -0.0220246 -0.0509386 0.19757 0.0530321 -0.0220246 0.0530321 0.473526
0.521472 -0.0267612 0.550366 -0.0267612 0.171496 0.0447756 0.550366 0.0447756 1.48572
0.587647 0.0353917 0.0180169 0.0353917 0.381563 -0.474784 0.0180169 -0.474784 1.13736
0.578787 0.237589 0.21822 0.237589 0.434524 0.129175 0.21822 0.129175 1.10603
0.620494 0.130545 0.359318 0.130545 0.240799 -0.0699302 0.359318 -0.0699302 1.03041
0.381653 -0.103529 0.190233 -0.103529 0.377199 -0.255762 0.190233 -0.255762 0.733371
0.816699 -0.252543 -0.0268918 -0.252543 0.425105 -0.155261 -0.0268918 -0.155261 0.526508
0.686906 -0.0276868 0.224995 -0.0276868 0.765271 -0.359275 0.224995 -0.359275 1.00293
0.587486 0.0877749 -0.194158 0.0877749 0.483723 -0.355315 -0.194158 -0.355315 1.01932
0.926392 -0.134383 0.10388 -0.134383 0.306023 0.00966272 0.10388 0.00966272 0.403146
0.451157 0.0552178 0.0491063 0.0552178 0.178685 -0.0361435 0.0491063 -0.0361435 0.578563
0.681947 -0.0675287 0.219511 -0.0675287 0.155617 -0.0940131 0.219511 -0.0940131 0.445387
0.391681 -0.0560279 0.153201 -0.0560279 0.263106 0.0357717 0.153201 0.0357717 1.01763
0.379564 0.0884986 0.0568637 0.0884986 0.642671 -0.160371 0.0568637 -0.160371 0.830598
0.38848 -0.0668227 0.165075 -0.0668227 0.458035 -0.496468 0.165075 -0.496468 1.30283
0.376835 0.038327 0.0555613 0.038327 0.289408 -0.0689306 0.0555613 -0.0689306 0.525361
0.358352 -0.0165077 0.0387605 -0.0165077 0.234616 -0.0301946 0.0387605 -0.0301946 0.907687
0.661428 -0.102302 0.00379231 -0.102302 0.856755 0.114613 0.00379231 0.114613 0.577545
0.894419 -0.208522 0.787069 -0.208522 0.775662 -0.5705 0.787069 -0.5705 1.62999
0.766299 0.0821445 0.327819 0.0821445 0.317723 -0.104443 0.327819 -0.104443 0.889241
0.296156 -0.120337 0.0854782 -0.120337 0.417602 -0.117705 0.0854782 -0.117705 0.667619
0.273985 -1.51537 -0.094481 -1.51537 619.95 5.20407 -0.094481 5.20407 0.90314
0.646129 9.94323e+06 0.460498 9.94323e+06 1.19787e+15 3.65002e+06 0.460498 3.65002e+06 1.94095
0.586966 2.2275e+11 -0.0776299 2.2275e+11 2.71197e+25 -2.93103e+12 -0.0776299 -2.93103e+12 1.34267
0.785325 -2.26054e+12 -0.303897 -2.26054e+12 3.96237e+25 4.97495e+11 -0.303897 4.97495e+11 0.809491
1.06294 2.26873e+11 0.624232 2.26873e+11 1.26761e+25 1.67077e+12 0.624232 1.67077e+12 1.40776
0.578085 -4.56336e+11 -0.190378 -4.56336e+11 8.04599e+24 4.92356e+11 -0.190378 4.92356e+11 0.834669
0.222872 -7.03109e+11 -0.141115 -7.03109e+11 5.09544e+26 -2.39983e+12 -0.141115 -2.39983e+12 1.20598
1.14019 -6.18087e+12 0.177052 -6.18087e+12 6.54099e+25 -1.75592e+12 0.177052 -1.75592e+12 0.888987
0.577548 -2.94221e+11 0.15611 -2.94221e+11 1.93014e+25 2.90379e+11 0.15611 2.90379e+11 0.957465
0.968736 1.57099e+12 -0.639073 1.57099e+12 3.36423e+25 -3.73008e+11 -0.639073 -3.73008e+11 1.27698
0.413639 2.07689e+11 -0.0506765 2.07689e+11 7.48379e+24 6.48799e+11 -0.0506765 6.48799e+11 2.66049
0.341402 1.9912e+11 0.182053 1.9912e+11 1.53554e+25 -9.82811e+10 0.182053 -9.82811e+10 1.4196
0.53166 -5.2526e+11 0.175827 -5.2526e+11 1.09762e+25 4.26952e+10 0.175827 4.26952e+10 1.36797
nan nan nan nan nan nan nan nan nan
nan nan nan nan nan nan nan nan nan
nan nan nan nan nan nan nan nan nan
nan nan nan nan nan nan nan nan nan
nan nan nan nan nan nan nan nan nan
nan nan nan nan nan nan nan nan nan
nan nan nan nan nan nan nan nan nan
nan nan nan nan nan nan nan nan nan
nan nan nan nan nan nan nan nan nan
nan nan nan nan nan nan nan nan nan
nan nan nan nan nan nan nan nan nan
nan nan nan nan nan nan nan nan nan
nan nan nan nan nan nan nan nan nan
nan nan nan nan nan nan nan nan nan
nan nan nan nan nan nan nan nan nan
nan nan nan nan nan nan nan nan nan
nan nan nan nan nan nan nan nan nan
nan nan nan nan nan nan nan nan nan
nan nan nan nan nan nan nan nan nan
nan nan nan nan nan nan nan nan nan
nan nan nan nan nan nan nan nan nan
nan nan nan nan nan nan nan nan nan
